# 1: Time step number
# 2: Time (years)
# 3: Time step size (years)
# 4: Number of mesh cells
# 5: Number of Stokes degrees of freedom
# 6: Number of temperature degrees of freedom
# 7: Iterations for temperature solver
# 8: Iterations for Stokes solver
# 9: Velocity iterations in Stokes preconditioner
# 10: Schur complement iterations in Stokes preconditioner
# 11: Visualization file name
# 12: RMS velocity (m/year)
# 13: Max. velocity (m/year)
# 14: Minimum topography (m)
# 15: Maximum topography (m)
 0 0.000000000000e+00 0.000000000000e+00 10240 93283 41409  0 82 85 84 output-free_surface_with_crust_free_slip/solution/solution-00000 3.40769292e-03 1.50948420e-02 0.00000000e+00 0.00000000e+00 
 1 1.000000000000e+03 1.000000000000e+03 10240 93283 41409 10 36 38 38                                                               "" 3.40723145e-03 1.50928604e-02 0.00000000e+00 0.00000000e+00 
 2 2.300000000000e+03 1.300000000000e+03 10240 93283 41409  8 10 12 12                                                               "" 3.40663240e-03 1.50902856e-02 0.00000000e+00 0.00000000e+00 
 3 3.990000000000e+03 1.690000000000e+03 10240 93283 41409  9 11 13 13                                                               "" 3.40585459e-03 1.50869390e-02 0.00000000e+00 0.00000000e+00 
 4 6.187000000000e+03 2.197000000000e+03 10240 93283 41409  9 13 15 15                                                               "" 3.40484465e-03 1.50825874e-02 0.00000000e+00 0.00000000e+00 
 5 9.043100000000e+03 2.856100000000e+03 10240 93283 41409  9 15 17 17                                                               "" 3.40353349e-03 1.50769273e-02 0.00000000e+00 0.00000000e+00 
 6 1.275603000000e+04 3.712930000000e+03 10240 93283 41409  9 16 18 18                                                               "" 3.40183117e-03 1.50695620e-02 0.00000000e+00 0.00000000e+00 
 7 1.758283900000e+04 4.826809000000e+03 10240 93283 41409  9 17 19 19                                                               "" 3.39962077e-03 1.50599715e-02 0.00000000e+00 0.00000000e+00 
 8 2.385769070000e+04 6.274851700000e+03 10240 93283 41409  9 18 20 20                                                               "" 3.39674994e-03 1.50474723e-02 0.00000000e+00 0.00000000e+00 
 9 3.201499791000e+04 8.157307210000e+03 10240 93283 41409  9 20 22 22                                                               "" 3.39301991e-03 1.50311625e-02 0.00000000e+00 0.00000000e+00 
10 4.261949728300e+04 1.060449937300e+04 10240 93283 41409  8 24 26 26                                                               "" 3.38817113e-03 1.50098476e-02 0.00000000e+00 0.00000000e+00 
11 5.640534646790e+04 1.378584918490e+04 10240 93283 41409  8 26 28 28                                                               "" 3.38186422e-03 1.49822365e-02 0.00000000e+00 0.00000000e+00 
12 7.432695040827e+04 1.792160394037e+04 10240 93283 41409  8 28 30 30                                                               "" 3.37365493e-03 1.49477453e-02 0.00000000e+00 0.00000000e+00 
13 9.762503553075e+04 2.329808512248e+04 10240 93283 41409  8 30 32 32                                                               "" 3.36296092e-03 1.49022956e-02 0.00000000e+00 0.00000000e+00 
14 1.279125461900e+05 3.028751065923e+04 10240 93283 41409  7 33 35 35                                                               "" 3.34901738e-03 1.48421742e-02 0.00000000e+00 0.00000000e+00 
15 1.672863100470e+05 3.937376385699e+04 10240 93283 41409  7 35 37 37                                                               "" 3.33081796e-03 1.47622741e-02 0.00000000e+00 0.00000000e+00 
16 2.184722030611e+05 5.118589301409e+04 10240 93283 41409  7 38 40 40                                                               "" 3.30703642e-03 1.46589852e-02 0.00000000e+00 0.00000000e+00 
17 2.850138639794e+05 6.654166091832e+04 10240 93283 41409  8 40 42 42                                                               "" 3.27592430e-03 1.45231520e-02 0.00000000e+00 0.00000000e+00 
18 3.715180231732e+05 8.650415919381e+04 10240 93283 41409 10 42 44 44                                                               "" 3.23518030e-03 1.43436373e-02 0.00000000e+00 0.00000000e+00 
19 4.804528359350e+05 1.089348127618e+05 10240 93283 41409 12 44 46 46                                                               "" 3.18346855e-03 1.41147107e-02 0.00000000e+00 0.00000000e+00 
20 5.911405767261e+05 1.106877407910e+05 10240 93283 41409 12 44 46 46                                                               "" 3.13056724e-03 1.38775953e-02 0.00000000e+00 0.00000000e+00 
21 7.037333285723e+05 1.125927518462e+05 10240 93283 41409 12 44 46 46                                                               "" 3.07649945e-03 1.36337923e-02 0.00000000e+00 0.00000000e+00 
22 8.183298246992e+05 1.145964961268e+05 10240 93283 41409 12 44 46 46                                                               "" 3.02132157e-03 1.33817086e-02 0.00000000e+00 0.00000000e+00 
23 9.350806643702e+05 1.167508396710e+05 10240 93283 41409 12 44 46 46                                                               "" 2.96507229e-03 1.31214642e-02 0.00000000e+00 0.00000000e+00 
24 1.054147066704e+06 1.190664023333e+05 10240 93283 41409 12 44 46 46 output-free_surface_with_crust_free_slip/solution/solution-00001 2.90779231e-03 1.28566900e-02 0.00000000e+00 0.00000000e+00 
25 1.175660874419e+06 1.215138077157e+05 10240 93283 41409 12 44 46 46                                                               "" 2.84954394e-03 1.25823364e-02 0.00000000e+00 0.00000000e+00 
26 1.299841118939e+06 1.241802445195e+05 10240 93283 41409 12 44 46 46                                                               "" 2.79035567e-03 1.23028176e-02 0.00000000e+00 0.00000000e+00 
27 1.426830477702e+06 1.269893587637e+05 10240 93283 41409 12 44 46 46                                                               "" 2.73030116e-03 1.20152801e-02 0.00000000e+00 0.00000000e+00 
28 1.556869866689e+06 1.300393889869e+05 10240 93283 41409 12 44 46 46                                                               "" 2.66941682e-03 1.17205566e-02 0.00000000e+00 0.00000000e+00 
29 1.690179072880e+06 1.333092061910e+05 10240 93283 41409 12 44 46 46                                                               "" 2.60775968e-03 1.14186334e-02 0.00000000e+00 0.00000000e+00 
30 1.827001896357e+06 1.368228234765e+05 10240 93283 41409 12 44 46 46                                                               "" 2.54538702e-03 1.11089156e-02 0.00000000e+00 0.00000000e+00 
31 1.967644559242e+06 1.406426628852e+05 10240 93283 41409 12 44 46 46                                                               "" 2.48234062e-03 1.07953467e-02 0.00000000e+00 0.00000000e+00 
32 2.112361211959e+06 1.447166527167e+05 10240 93283 41409 12 45 47 47 output-free_surface_with_crust_free_slip/solution/solution-00002 2.41869968e-03 1.04737825e-02 0.00000000e+00 0.00000000e+00 
33 2.261557318521e+06 1.491961065623e+05 10240 93283 41409 12 45 47 47                                                               "" 2.35449246e-03 1.01473447e-02 0.00000000e+00 0.00000000e+00 
34 2.415522320292e+06 1.539650017714e+05 10240 93283 41409 12 45 47 47                                                               "" 2.28981486e-03 9.81387440e-03 0.00000000e+00 0.00000000e+00 
35 2.574747889698e+06 1.592255694055e+05 10240 93283 41409 12 45 47 47                                                               "" 2.22469626e-03 9.47585117e-03 0.00000000e+00 0.00000000e+00 
36 2.739617489980e+06 1.648696002818e+05 10240 93283 41409 12 45 47 47                                                               "" 2.15923250e-03 9.13193085e-03 0.00000000e+00 0.00000000e+00 
37 2.910731325188e+06 1.711138352080e+05 10240 93283 41409 12 45 47 47                                                               "" 2.09345640e-03 8.78505899e-03 0.00000000e+00 0.00000000e+00 
38 3.088572752889e+06 1.778414277017e+05 10240 93283 41409 12 45 47 47 output-free_surface_with_crust_free_slip/solution/solution-00003 2.02747293e-03 8.43226987e-03 0.00000000e+00 0.00000000e+00 
39 3.273877679225e+06 1.853049263358e+05 10240 93283 41409 12 45 47 47                                                               "" 1.96132134e-03 8.07809559e-03 0.00000000e+00 0.00000000e+00 
40 3.467283546433e+06 1.934058672074e+05 10240 93283 41409 12 45 47 47                                                               "" 1.89510957e-03 7.72046762e-03 0.00000000e+00 0.00000000e+00 
41 3.669667645092e+06 2.023840986596e+05 10240 93283 41409 12 46 48 48                                                               "" 1.82889724e-03 7.35949565e-03 0.00000000e+00 0.00000000e+00 
42 3.881960166789e+06 2.122925216968e+05 10240 93283 41409 12 46 48 48                                                               "" 1.76276834e-03 6.99985355e-03 0.00000000e+00 0.00000000e+00 
43 4.105160769896e+06 2.232006031067e+05 10240 93283 41409 12 47 49 49 output-free_surface_with_crust_free_slip/solution/solution-00004 1.69682757e-03 6.63840763e-03 0.00000000e+00 0.00000000e+00 
44 4.340515061124e+06 2.353542912282e+05 10240 93283 41409 12 47 49 49                                                               "" 1.63115384e-03 6.27850706e-03 0.00000000e+00 0.00000000e+00 
45 4.589408758351e+06 2.488936972267e+05 10240 93283 41409 12 47 49 49                                                               "" 1.56584186e-03 5.92103867e-03 0.00000000e+00 0.00000000e+00 
46 4.853300681727e+06 2.638919233762e+05 10240 93283 41409 12 47 49 49                                                               "" 1.50102259e-03 5.56651011e-03 0.00000000e+00 0.00000000e+00 
47 5.133979449747e+06 2.806787680202e+05 10240 93283 41409 13 47 49 49 output-free_surface_with_crust_free_slip/solution/solution-00005 1.43680381e-03 5.21667116e-03 0.00000000e+00 0.00000000e+00 
48 5.433469910198e+06 2.994904604505e+05 10240 93283 41409 13 47 49 49                                                               "" 1.37330561e-03 4.87317983e-03 0.00000000e+00 0.00000000e+00 
49 5.754069815914e+06 3.205999057167e+05 10240 93283 41409 13 47 49 49                                                               "" 1.31065940e-03 4.53758714e-03 0.00000000e+00 0.00000000e+00 
50 6.098392470709e+06 3.443226547942e+05 10240 93283 41409 14 47 49 49 output-free_surface_with_crust_free_slip/solution/solution-00006 1.24900647e-03 4.21132829e-03 0.00000000e+00 0.00000000e+00 
51 6.469415828599e+06 3.710233578908e+05 10240 93283 41409 14 48 50 50                                                               "" 1.18849584e-03 4.00072954e-03 0.00000000e+00 0.00000000e+00 
52 6.860043234475e+06 3.906274058760e+05 10240 93283 41409 14 48 50 50                                                               "" 1.13075287e-03 3.82929220e-03 0.00000000e+00 0.00000000e+00 
53 7.268276406434e+06 4.082331719585e+05 10240 93283 41409 15 49 52 52 output-free_surface_with_crust_free_slip/solution/solution-00007 1.07623050e-03 3.66157096e-03 0.00000000e+00 0.00000000e+00 
54 7.695404001941e+06 4.271275955066e+05 10240 93283 41409 15 50 53 53                                                               "" 1.02481977e-03 3.49858526e-03 0.00000000e+00 0.00000000e+00 
55 8.142127044783e+06 4.467230428425e+05 10240 93283 41409 15 51 54 54 output-free_surface_with_crust_free_slip/solution/solution-00008 9.76469682e-04 3.34307029e-03 0.00000000e+00 0.00000000e+00 
56 8.609511773367e+06 4.673847285840e+05 10240 93283 41409 15 51 54 54                                                               "" 9.31067103e-04 3.19438372e-03 0.00000000e+00 0.00000000e+00 
57 9.098713330232e+06 4.892015568650e+05 10240 93283 41409 15 51 54 54 output-free_surface_with_crust_free_slip/solution/solution-00009 8.88482584e-04 3.05177015e-03 0.00000000e+00 0.00000000e+00 
58 9.610756131770e+06 5.120428015382e+05 10240 93283 41409 16 51 54 54                                                               "" 8.48592529e-04 2.91481725e-03 0.00000000e+00 0.00000000e+00 
59 1.014681032210e+07 5.360541903281e+05 10240 93283 41409 16 51 54 54 output-free_surface_with_crust_free_slip/solution/solution-00010 8.11257467e-04 2.78400716e-03 0.00000000e+00 0.00000000e+00 
60 1.070803106276e+07 5.612207406634e+05 10240 93283 41409 16 51 54 54                                                               "" 7.76339244e-04 2.65955817e-03 0.00000000e+00 0.00000000e+00 
61 1.129553466407e+07 5.875036013122e+05 10240 93283 41409 16 51 54 54 output-free_surface_with_crust_free_slip/solution/solution-00011 7.43703100e-04 2.54138919e-03 0.00000000e+00 0.00000000e+00 
62 1.191041910448e+07 6.148844404029e+05 10240 93283 41409 17 51 54 54                                                               "" 7.13216854e-04 2.42888963e-03 0.00000000e+00 0.00000000e+00 
63 1.255373900401e+07 6.433198995335e+05 10240 93283 41409 17 51 54 54 output-free_surface_with_crust_free_slip/solution/solution-00012 6.84752750e-04 2.32291791e-03 0.00000000e+00 0.00000000e+00 
64 1.322650061729e+07 6.727616132754e+05 10240 93283 41409 17 51 54 54 output-free_surface_with_crust_free_slip/solution/solution-00013 6.58187763e-04 2.22272516e-03 0.00000000e+00 0.00000000e+00 
65 1.392956279100e+07 7.030621737168e+05 10240 93283 41409 17 51 54 54                                                               "" 6.33406954e-04 2.12786885e-03 0.00000000e+00 0.00000000e+00 
66 1.466386556588e+07 7.343027748745e+05 10240 93283 41409 18 51 54 54 output-free_surface_with_crust_free_slip/solution/solution-00014 6.10295017e-04 2.03870039e-03 0.00000000e+00 0.00000000e+00 
67 1.543031920886e+07 7.664536429806e+05 10240 93283 41409 18 50 53 53 output-free_surface_with_crust_free_slip/solution/solution-00015 5.88741759e-04 1.95444476e-03 0.00000000e+00 0.00000000e+00 
68 1.622977899983e+07 7.994597909746e+05 10240 93283 41409 18 50 53 53 output-free_surface_with_crust_free_slip/solution/solution-00016 5.68642887e-04 1.87503962e-03 0.00000000e+00 0.00000000e+00 
69 1.706306775433e+07 8.332887544964e+05 10240 93283 41409 18 49 52 52 output-free_surface_with_crust_free_slip/solution/solution-00017 5.49899307e-04 1.80035602e-03 0.00000000e+00 0.00000000e+00 
70 1.793095165080e+07 8.678838964678e+05 10240 93283 41409 19 49 52 52                                                               "" 5.32417648e-04 1.72993366e-03 0.00000000e+00 0.00000000e+00 
71 1.883416359922e+07 9.032119484197e+05 10240 93283 41409 19 49 52 52 output-free_surface_with_crust_free_slip/solution/solution-00018 5.16109624e-04 1.66362025e-03 0.00000000e+00 0.00000000e+00 
72 1.977338034648e+07 9.392167472638e+05 10240 93283 41409 19 49 52 52 output-free_surface_with_crust_free_slip/solution/solution-00019 5.00892371e-04 1.60123071e-03 0.00000000e+00 0.00000000e+00 
73 2.000000000000e+07 2.266196535201e+05 10240 93283 41409  9 40 42 42 output-free_surface_with_crust_free_slip/solution/solution-00020 4.97452495e-04 1.58696484e-03 0.00000000e+00 0.00000000e+00 
