0 5.52184e+15
1 2.43064e+15
2 1.2372e+15
3 9.15617e+14
4 8.21638e+14
5 7.8322e+14
6 7.60336e+14
7 7.49691e+14
8 7.42122e+14
9 7.30325e+14
10 7.21538e+14
11 7.13022e+14
12 7.07728e+14
13 7.02271e+14
14 6.99718e+14
15 6.96724e+14
16 6.95495e+14
17 6.94642e+14
18 6.93318e+14
19 6.91773e+14
20 6.89368e+14
21 6.84266e+14
22 6.77358e+14
23 6.7081e+14
24 6.64552e+14
25 6.59922e+14
26 6.53501e+14
27 6.46922e+14
28 6.41255e+14
29 6.37891e+14
30 6.3365e+14
31 6.27891e+14
32 6.22314e+14
33 6.1714e+14
34 6.13095e+14
35 6.09596e+14
36 6.068e+14
37 6.0429e+14
38 6.02395e+14
39 6.01397e+14
40 6.0048e+14
41 5.98416e+14
42 5.95969e+14
43 5.93525e+14
44 5.91857e+14
45 5.88724e+14
46 5.85278e+14
47 5.82203e+14
48 5.79943e+14
49 5.78351e+14
50 5.78351e+14
51 5.78282e+14
52 5.78145e+14
53 5.78006e+14
54 5.77888e+14
55 5.77877e+14
56 5.77862e+14
57 5.7783e+14
58 5.77644e+14
59 5.77514e+14
60 5.77303e+14
61 5.77029e+14
62 5.76487e+14
63 5.75827e+14
64 5.75346e+14
65 5.74743e+14
66 5.74515e+14
67 5.7431e+14
68 5.7383e+14
69 5.73186e+14
70 5.72301e+14
71 5.71953e+14
72 5.71778e+14
73 5.71586e+14
74 5.71485e+14
75 5.71387e+14
76 5.71317e+14
77 5.71145e+14
78 5.70743e+14
79 5.7034e+14
80 5.69851e+14
81 5.69506e+14
82 5.69108e+14
83 5.68696e+14
84 5.68455e+14
85 5.67787e+14
86 5.66833e+14
87 5.65547e+14
88 5.63759e+14
89 5.61614e+14
90 5.58959e+14
91 5.55593e+14
92 5.52209e+14
93 5.49461e+14
94 5.47108e+14
95 5.45715e+14
96 5.44676e+14
97 5.44017e+14
98 5.43086e+14
99 5.42302e+14
100 5.42302e+14
101 5.4224e+14
102 5.42042e+14
103 5.41969e+14
104 5.4196e+14
105 5.41906e+14
106 5.41883e+14
107 5.41828e+14
108 5.41647e+14
109 5.41552e+14
110 5.41367e+14
111 5.41073e+14
112 5.40673e+14
113 5.4021e+14
114 5.40002e+14
115 5.39823e+14
116 5.39811e+14
117 5.39749e+14
118 5.39495e+14
119 5.39434e+14
120 5.3941e+14
121 5.39405e+14
122 5.39405e+14
123 5.39405e+14
124 5.39356e+14
125 5.39263e+14
126 5.39079e+14
127 5.39003e+14
128 5.39003e+14
129 5.39001e+14
130 5.38978e+14
131 5.38958e+14
132 5.389e+14
133 5.38639e+14
134 5.3841e+14
135 5.37705e+14
136 5.36333e+14
137 5.34931e+14
138 5.32692e+14
139 5.30056e+14
140 5.25342e+14
141 5.19714e+14
142 5.10084e+14
143 4.99198e+14
144 4.87945e+14
145 4.77136e+14
146 4.66747e+14
147 4.58786e+14
148 4.49476e+14
149 4.41407e+14
150 4.41407e+14
151 4.39419e+14
152 4.36424e+14
153 4.3408e+14
154 4.3015e+14
155 4.25968e+14
156 4.22826e+14
157 4.20257e+14
158 4.17681e+14
159 4.15384e+14
160 4.13906e+14
161 4.13237e+14
162 4.12695e+14
163 4.12518e+14
164 4.12322e+14
165 4.11967e+14
166 4.11788e+14
167 4.11215e+14
168 4.10927e+14
169 4.10325e+14
170 4.09292e+14
171 4.08853e+14
172 4.08297e+14
173 4.08139e+14
174 4.07743e+14
175 4.07441e+14
176 4.07002e+14
177 4.06378e+14
178 4.059e+14
179 4.0526e+14
180 4.04754e+14
181 4.04373e+14
182 4.04114e+14
183 4.04073e+14
184 4.04037e+14
185 4.03978e+14
186 4.03932e+14
187 4.03727e+14
188 4.03535e+14
189 4.03182e+14
190 4.0244e+14
191 4.01324e+14
192 4.00033e+14
193 3.98584e+14
194 3.96351e+14
195 3.94896e+14
196 3.93577e+14
197 3.92602e+14
198 3.91071e+14
199 3.89493e+14
200 3.89493e+14
201 3.89327e+14
202 3.89054e+14
203 3.89013e+14
204 3.88894e+14

0 3.88894e+14
1 3.88894e+14
2 3.88822e+14
3 3.88659e+14
4 3.88502e+14
5 3.88502e+14
6 3.88453e+14
7 3.88373e+14
8 3.88294e+14
9 3.88203e+14
10 3.88199e+14
11 3.87968e+14
12 3.87894e+14
13 3.87893e+14
14 3.87849e+14
15 3.87715e+14
16 3.87233e+14
17 3.85315e+14
18 3.83217e+14
19 3.81347e+14
20 3.81098e+14
21 3.80595e+14
22 3.7993e+14
23 3.78962e+14
24 3.75427e+14
25 3.67091e+14
26 3.57049e+14
27 3.40929e+14
28 3.1659e+14
29 2.99273e+14
30 2.92489e+14
31 2.85986e+14
32 2.83379e+14
33 2.76674e+14
34 2.65559e+14
35 2.58167e+14
36 2.50998e+14
37 2.46836e+14
38 2.42546e+14
39 2.39719e+14
40 2.36719e+14
41 2.35063e+14
42 2.32353e+14
43 2.28383e+14
44 2.22764e+14
45 2.17515e+14
46 2.13482e+14
47 2.08949e+14
48 2.0437e+14
49 1.98109e+14
50 1.98109e+14
51 1.97368e+14
52 1.94472e+14
53 1.93672e+14
54 1.92879e+14
55 1.92381e+14
56 1.91979e+14
57 1.91688e+14
58 1.91006e+14
59 1.89863e+14
60 1.87571e+14
61 1.8331e+14
62 1.79861e+14
63 1.76838e+14
64 1.74159e+14
65 1.70914e+14
66 1.69697e+14
67 1.68679e+14
68 1.68198e+14
69 1.68049e+14
70 1.67329e+14
71 1.67074e+14
72 1.66242e+14
73 1.6476e+14
74 1.63473e+14
75 1.61163e+14
76 1.59802e+14
77 1.57944e+14
78 1.54949e+14
79 1.52081e+14
80 1.51012e+14
81 1.49969e+14
82 1.49567e+14
83 1.49282e+14
84 1.49239e+14
85 1.49235e+14
86 1.49211e+14
87 1.4917e+14
88 1.4917e+14
89 1.49142e+14
90 1.49124e+14
91 1.49098e+14
92 1.48998e+14
93 1.48851e+14
94 1.48638e+14
95 1.48594e+14
96 1.48447e+14
97 1.48374e+14
98 1.48119e+14
99 1.47559e+14
100 1.47559e+14
101 1.47462e+14
102 1.47369e+14
103 1.47359e+14
104 1.47358e+14
105 1.47355e+14
106 1.47352e+14
107 1.47325e+14
108 1.47319e+14
109 1.47313e+14
110 1.47225e+14
111 1.47176e+14
112 1.47146e+14
113 1.47024e+14
114 1.46987e+14
115 1.46843e+14
116 1.46695e+14
117 1.46605e+14
118 1.46232e+14
119 1.46043e+14
120 1.45548e+14
121 1.45267e+14
122 1.44774e+14
123 1.44555e+14
124 1.44175e+14
125 1.43958e+14
126 1.43506e+14
127 1.43297e+14
128 1.42845e+14
129 1.41625e+14
130 1.40685e+14
131 1.37291e+14
132 1.33507e+14
133 1.28017e+14
134 1.22627e+14
135 1.14039e+14
136 1.11103e+14
137 1.08585e+14
138 1.07243e+14
139 1.05957e+14
140 1.04384e+14
141 1.02827e+14
142 1.00506e+14
143 9.94728e+13
144 9.90339e+13
145 9.87598e+13
146 9.86614e+13
147 9.85498e+13
148 9.82224e+13
149 9.81964e+13
150 9.81964e+13
151 9.81957e+13
152 9.81926e+13
153 9.81919e+13
154 9.81828e+13
155 9.81798e+13
156 9.81399e+13
157 9.80957e+13
158 9.79135e+13
159 9.76852e+13
160 9.7321e+13
161 9.67181e+13
162 9.58795e+13
163 9.48898e+13
164 9.37649e+13
165 9.28784e+13
166 9.25678e+13
167 9.23897e+13
168 9.22764e+13
169 9.21846e+13
170 9.19976e+13
171 9.16893e+13
172 9.13908e+13
173 9.11403e+13
174 9.10713e+13
175 9.09011e+13
176 9.08421e+13
177 9.06591e+13
178 9.05322e+13
179 9.04887e+13
180 9.04598e+13
181 9.03599e+13
182 9.03597e+13
183 9.03596e+13
184 9.03514e+13
185 9.03433e+13
186 9.03393e+13
187 9.02642e+13
188 9.00556e+13
189 8.95915e+13
190 8.89381e+13
191 8.83222e+13
192 8.77393e+13
193 8.72541e+13
194 8.68556e+13
195 8.6338e+13
196 8.59864e+13
197 8.55996e+13
198 8.52544e+13
199 8.50347e+13
200 8.50347e+13
201 8.50321e+13
202 8.50301e+13
203 8.50301e+13
204 8.50299e+13
205 8.50241e+13
206 8.49908e+13
207 8.48947e+13
208 8.47894e+13
209 8.47389e+13
210 8.4675e+13
211 8.45825e+13
212 8.44992e+13
213 8.42152e+13
214 8.40783e+13
215 8.39173e+13
216 8.37165e+13
217 8.35535e+13
218 8.33095e+13
219 8.32082e+13
220 8.30406e+13
221 8.29566e+13
222 8.28072e+13
223 8.27252e+13
224 8.25992e+13
225 8.2426e+13
226 8.22013e+13
227 8.18037e+13
228 8.10835e+13
229 8.08056e+13
230 8.05315e+13
231 8.03188e+13
232 8.01563e+13
233 8.00294e+13
234 7.99111e+13
235 7.97268e+13
236 7.94253e+13
237 7.9101e+13
238 7.86848e+13
239 7.81396e+13
240 7.78167e+13
241 7.76547e+13
242 7.76261e+13
243 7.76192e+13
244 7.76149e+13
245 7.75938e+13
246 7.75938e+13
247 7.74989e+13
248 7.74523e+13
249 7.73402e+13
250 7.73402e+13
251 7.73369e+13
252 7.73309e+13
253 7.733e+13
254 7.733e+13
255 7.73297e+13
256 7.7321e+13
257 7.73116e+13
258 7.72978e+13
259 7.72838e+13
260 7.72294e+13
261 7.71175e+13
262 7.70225e+13
263 7.68917e+13
264 7.67355e+13
265 7.66391e+13
266 7.65554e+13
267 7.64922e+13
268 7.64245e+13
269 7.63931e+13
270 7.62994e+13
271 7.62535e+13
272 7.61865e+13
273 7.61375e+13
274 7.61354e+13
275 7.61096e+13
276 7.60993e+13
277 7.60673e+13
278 7.58787e+13
279 7.5692e+13
280 7.53572e+13
281 7.50925e+13
282 7.50427e+13
283 7.5007e+13
284 7.49943e+13
285 7.49604e+13
286 7.49454e+13
287 7.48749e+13
288 7.47433e+13
289 7.43881e+13
290 7.39165e+13
291 7.35139e+13
292 7.31475e+13
293 7.29362e+13
294 7.2814e+13
295 7.27539e+13
296 7.27206e+13
297 7.2715e+13
298 7.269e+13
299 7.26817e+13
300 7.26817e+13
301 7.26814e+13
302 7.2681e+13
303 7.2681e+13
304 7.26799e+13
305 7.26789e+13
306 7.26686e+13
307 7.26386e+13
308 7.25887e+13
309 7.254e+13
310 7.24487e+13
311 7.2256e+13
312 7.20798e+13
313 7.18228e+13
314 7.15853e+13
315 7.14504e+13
316 7.12941e+13
317 7.11525e+13
318 7.10045e+13
319 7.09393e+13
320 7.07287e+13
321 7.06184e+13
322 7.05102e+13
323 7.0453e+13
324 7.04418e+13
325 7.04236e+13
326 7.04236e+13
327 7.04182e+13
328 7.03965e+13
329 7.03751e+13
330 7.03235e+13
331 7.02505e+13
332 7.0213e+13
333 7.0166e+13
334 7.01089e+13
335 6.98687e+13
336 6.96212e+13
337 6.91617e+13
338 6.79619e+13
339 6.6712e+13
340 6.56494e+13
341 6.49664e+13
342 6.44965e+13
343 6.43052e+13
344 6.42464e+13
345 6.41835e+13
346 6.41739e+13
347 6.41624e+13
348 6.41517e+13
349 6.41484e+13
350 6.41484e+13
351 6.41484e+13
352 6.41481e+13
353 6.41481e+13
354 6.41478e+13
355 6.41466e+13
356 6.41411e+13
357 6.41191e+13
358 6.40889e+13
359 6.4061e+13
360 6.40038e+13
361 6.39009e+13
362 6.37461e+13
363 6.35491e+13
364 6.33452e+13
365 6.31544e+13
366 6.29857e+13
367 6.27775e+13
368 6.25815e+13
369 6.25022e+13
370 6.23788e+13
371 6.22621e+13
372 6.21807e+13
373 6.20704e+13
374 6.20309e+13
375 6.19162e+13
376 6.1795e+13
377 6.1625e+13
378 6.12873e+13
379 6.11146e+13
380 6.09814e+13
381 6.08668e+13
382 6.07848e+13
383 6.07121e+13
384 6.06661e+13
385 6.05427e+13
386 6.04517e+13
387 6.03019e+13
388 6.01583e+13
389 5.99266e+13
390 5.98247e+13
391 5.97642e+13
392 5.9751e+13
393 5.97322e+13
394 5.97315e+13
395 5.97216e+13
396 5.97214e+13
397 5.97195e+13
398 5.97183e+13
399 5.97056e+13
400 5.97056e+13
401 5.97056e+13
402 5.97052e+13
403 5.97051e+13
404 5.97051e+13
405 5.97047e+13
406 5.97043e+13
407 5.97019e+13
408 5.97009e+13
409 5.96987e+13
410 5.96932e+13
411 5.96805e+13
412 5.96691e+13
413 5.96444e+13
414 5.96251e+13
415 5.96066e+13
416 5.95916e+13
417 5.95691e+13
418 5.95426e+13
419 5.95361e+13
420 5.95132e+13
421 5.95048e+13
422 5.95014e+13
423 5.94931e+13
424 5.94919e+13
425 5.94755e+13
426 5.94656e+13
427 5.938e+13
428 5.91912e+13
429 5.89899e+13
430 5.88075e+13
431 5.85575e+13
432 5.83551e+13
433 5.82103e+13
434 5.80599e+13
435 5.78921e+13
436 5.75552e+13
437 5.72637e+13
438 5.65288e+13
439 5.59619e+13
440 5.54838e+13
441 5.51728e+13
442 5.50349e+13
443 5.47721e+13
444 5.45595e+13
445 5.43623e+13
446 5.40029e+13
447 5.34092e+13
448 5.29813e+13
449 5.26541e+13
450 5.26541e+13
451 5.26364e+13
452 5.25292e+13
453 5.25278e+13
454 5.24953e+13
455 5.24449e+13
456 5.23776e+13
457 5.22322e+13
458 5.19354e+13
459 5.17101e+13
460 5.14625e+13
461 5.09394e+13
462 5.05839e+13
463 5.01088e+13
464 4.98698e+13
465 4.9735e+13
466 4.96523e+13
467 4.9573e+13
468 4.94771e+13
469 4.94592e+13
470 4.93478e+13
471 4.91693e+13
472 4.90486e+13
473 4.87964e+13
474 4.8715e+13
475 4.86748e+13
476 4.85776e+13
477 4.84107e+13
478 4.82563e+13
479 4.80492e+13
480 4.78947e+13
481 4.7772e+13
482 4.76933e+13
483 4.76365e+13
484 4.76193e+13
485 4.75963e+13
486 4.7581e+13
487 4.75158e+13
488 4.74284e+13
489 4.73617e+13
490 4.73242e+13
491 4.72947e+13
492 4.72848e+13
493 4.72705e+13
494 4.72685e+13
495 4.72666e+13
496 4.72664e+13
497 4.72659e+13
498 4.72401e+13
499 4.71942e+13
500 4.71942e+13
501 4.71917e+13
502 4.71886e+13
503 4.71864e+13
504 4.7186e+13
505 4.71848e+13
506 4.71845e+13
507 4.71828e+13
508 4.71828e+13
509 4.71819e+13
510 4.71778e+13
511 4.71666e+13
512 4.71596e+13
513 4.71261e+13
514 4.7084e+13
515 4.70569e+13
516 4.70401e+13
517 4.70201e+13
518 4.69852e+13
519 4.696e+13
520 4.69306e+13
521 4.69268e+13
522 4.691e+13
523 4.68863e+13
524 4.6868e+13
525 4.68556e+13
526 4.6838e+13
527 4.67829e+13
528 4.66192e+13
529 4.62999e+13
530 4.5575e+13
531 4.48155e+13
532 4.43417e+13
533 4.38606e+13
534 4.32353e+13
535 4.27725e+13
536 4.24011e+13
537 4.20041e+13
538 4.16037e+13
539 4.02888e+13
540 3.85778e+13
541 3.61162e+13
542 3.37639e+13
543 3.08439e+13
544 2.83518e+13
545 2.54602e+13
546 2.30327e+13
547 2.17502e+13
548 2.01557e+13
549 1.87184e+13
550 1.87184e+13
551 1.83797e+13
552 1.75755e+13
553 1.73259e+13
554 1.65768e+13
555 1.56124e+13
556 1.45825e+13
557 1.36269e+13
558 1.28821e+13
559 1.20202e+13
560 1.14278e+13
561 1.06457e+13
562 1.02043e+13
563 9.76609e+12
564 9.54845e+12
565 9.36616e+12
566 9.23341e+12
567 9.16467e+12
568 9.06493e+12
569 8.98727e+12
570 8.93569e+12
571 8.88506e+12
572 8.82433e+12
573 8.74806e+12
574 8.68733e+12
575 8.592e+12
576 8.46159e+12
577 8.3588e+12
578 8.3004e+12
579 8.22492e+12
580 8.18686e+12
581 8.11734e+12
582 8.08669e+12
583 8.04291e+12
584 8.00102e+12
585 7.9891e+12
586 7.95028e+12
587 7.91818e+12
588 7.86386e+12
589 7.77168e+12
590 7.71345e+12
591 7.66044e+12
592 7.63634e+12
593 7.62625e+12
594 7.62396e+12
595 7.62378e+12
596 7.62377e+12
597 7.61876e+12
598 7.60368e+12
599 7.5784e+12
600 7.5784e+12
601 7.57622e+12
602 7.57363e+12
603 7.57358e+12
604 7.57346e+12
605 7.57289e+12
606 7.57265e+12
607 7.57256e+12
608 7.57254e+12
609 7.57254e+12
610 7.57236e+12
611 7.5696e+12
612 7.56738e+12
613 7.55898e+12
614 7.55211e+12
615 7.54395e+12
616 7.53233e+12
617 7.53176e+12
618 7.52456e+12
619 7.52338e+12
620 7.52015e+12
621 7.51781e+12
622 7.50766e+12
623 7.50271e+12
624 7.49864e+12
625 7.49694e+12
626 7.49574e+12
627 7.49425e+12
628 7.49034e+12
629 7.47962e+12
630 7.4613e+12
631 7.42341e+12
632 7.39132e+12
633 7.34395e+12
634 7.30393e+12
635 7.27322e+12
636 7.25557e+12
637 7.2376e+12
638 7.21796e+12
639 7.1821e+12
640 7.12829e+12
641 7.06354e+12
642 7.01597e+12
643 6.98179e+12
644 6.96766e+12
645 6.96583e+12
646 6.95976e+12
647 6.9486e+12
648 6.91764e+12
649 6.85301e+12
650 6.85301e+12
651 6.83816e+12
652 6.8175e+12
653 6.81711e+12
654 6.8122e+12
655 6.80816e+12
656 6.80239e+12
657 6.7936e+12
658 6.7812e+12
659 6.75955e+12
660 6.7356e+12
661 6.68903e+12
662 6.63808e+12
663 6.57253e+12
664 6.52678e+12
665 6.43654e+12
666 6.39568e+12
667 6.36552e+12
668 6.34451e+12
669 6.33854e+12
670 6.32975e+12
671 6.31781e+12
672 6.2851e+12
673 6.24447e+12
674 6.22321e+12
675 6.18595e+12
676 6.15162e+12
677 6.12029e+12
678 6.09853e+12
679 6.0938e+12
680 6.07645e+12
681 6.07303e+12
682 6.0624e+12
683 6.05273e+12
684 6.04284e+12
685 6.04118e+12
686 6.03401e+12
687 6.03047e+12
688 6.01765e+12
689 6.00066e+12
690 5.97788e+12
691 5.96921e+12
692 5.96801e+12
693 5.96778e+12
694 5.96771e+12
695 5.96767e+12
696 5.96723e+12
697 5.96478e+12
698 5.94835e+12
699 5.92452e+12
700 5.92452e+12
701 5.91986e+12
702 5.91481e+12
703 5.91448e+12
704 5.91436e+12
705 5.91436e+12
706 5.91391e+12
707 5.91355e+12
708 5.91338e+12
709 5.91323e+12
710 5.91323e+12
711 5.91178e+12
712 5.906e+12
713 5.89889e+12
714 5.8908e+12
715 5.87592e+12
716 5.87275e+12
717 5.86849e+12
718 5.86456e+12
719 5.86077e+12
720 5.85729e+12
721 5.85047e+12
722 5.8404e+12
723 5.83319e+12
724 5.82684e+12
725 5.82511e+12
726 5.82402e+12
727 5.82272e+12
728 5.82094e+12
729 5.81791e+12
730 5.80723e+12
731 5.80403e+12
732 5.79784e+12
733 5.78933e+12
734 5.78292e+12
735 5.77397e+12
736 5.77032e+12
737 5.76474e+12
738 5.75153e+12
739 5.7291e+12
740 5.70065e+12
741 5.68544e+12
742 5.6767e+12
743 5.67364e+12
744 5.67357e+12
745 5.67332e+12
746 5.67199e+12
747 5.67192e+12
748 5.66225e+12
749 5.64089e+12
750 5.64089e+12
751 5.63589e+12
752 5.63029e+12
753 5.62948e+12
754 5.62924e+12
755 5.62905e+12
756 5.62853e+12
757 5.62455e+12
758 5.62292e+12
759 5.61955e+12
760 5.61327e+12
761 5.60654e+12
762 5.58409e+12
763 5.56526e+12
764 5.54416e+12
765 5.50183e+12
766 5.48855e+12
767 5.4796e+12
768 5.47842e+12
769 5.47628e+12
770 5.47549e+12
771 5.47524e+12
772 5.46538e+12
773 5.46129e+12
774 5.45713e+12
775 5.44798e+12
776 5.43848e+12
777 5.40223e+12
778 5.38327e+12
779 5.37495e+12
780 5.35458e+12
781 5.34399e+12
782 5.33565e+12
783 5.32671e+12
784 5.31187e+12
785 5.29948e+12
786 5.28087e+12
787 5.24861e+12
788 5.21889e+12
789 5.1777e+12
790 5.15379e+12
791 5.12808e+12
792 5.11503e+12
793 5.11283e+12
794 5.10686e+12
795 5.10301e+12
796 5.10213e+12
797 5.09279e+12
798 5.07855e+12
799 5.05637e+12
800 5.05637e+12
801 5.05186e+12
802 5.04764e+12
803 5.04763e+12
804 5.0474e+12
805 5.04737e+12
806 5.04631e+12
807 5.04624e+12
808 5.04517e+12
809 5.04395e+12
810 5.0418e+12
811 5.03076e+12
812 5.01445e+12
813 4.9839e+12
814 4.95809e+12
815 4.93756e+12
816 4.93215e+12
817 4.92915e+12
818 4.92153e+12
819 4.91575e+12
820 4.90912e+12
821 4.89104e+12
822 4.86062e+12
823 4.83258e+12
824 4.82693e+12
825 4.82336e+12
826 4.8223e+12
827 4.82136e+12
828 4.82006e+12
829 4.81765e+12
830 4.81702e+12
831 4.81582e+12
832 4.81536e+12
833 4.815e+12
834 4.81487e+12
835 4.81385e+12
836 4.81191e+12
837 4.80755e+12
838 4.79742e+12
839 4.78399e+12
840 4.73464e+12
841 4.71389e+12
842 4.70547e+12
843 4.70437e+12
844 4.70436e+12
845 4.70414e+12
846 4.70399e+12
847 4.70385e+12
848 4.69282e+12
849 4.67892e+12
850 4.67892e+12
851 4.67774e+12
852 4.67483e+12
853 4.67455e+12
854 4.67437e+12
855 4.67435e+12
856 4.67401e+12
857 4.6738e+12
858 4.67259e+12
859 4.67159e+12
860 4.6676e+12
861 4.65814e+12
862 4.6448e+12
863 4.62466e+12
864 4.59998e+12
865 4.57595e+12
866 4.56258e+12
867 4.55991e+12
868 4.55424e+12
869 4.55369e+12
870 4.55222e+12
871 4.55005e+12
872 4.54843e+12
873 4.5446e+12
874 4.54213e+12
875 4.5387e+12
876 4.5359e+12
877 4.53269e+12
878 4.52624e+12
879 4.51902e+12
880 4.50258e+12
881 4.49566e+12
882 4.48206e+12
883 4.46218e+12
884 4.44764e+12
885 4.43866e+12
886 4.43524e+12
887 4.42459e+12
888 4.4091e+12
889 4.37878e+12
890 4.30877e+12
891 4.19664e+12
892 4.04776e+12
893 3.93864e+12
894 3.86808e+12
895 3.82955e+12
896 3.80951e+12
897 3.79339e+12
898 3.78005e+12
899 3.76207e+12
900 3.76207e+12
901 3.76046e+12
902 3.75775e+12
903 3.75774e+12
904 3.75745e+12
905 3.75576e+12
906 3.75023e+12
907 3.74162e+12
908 3.71918e+12
909 3.68808e+12
910 3.65026e+12
911 3.62598e+12
912 3.59905e+12
913 3.56204e+12
914 3.51246e+12
915 3.46467e+12
916 3.43446e+12
917 3.42366e+12
918 3.41406e+12
919 3.39843e+12
920 3.37798e+12
921 3.33674e+12
922 3.29469e+12
923 3.26673e+12
924 3.24222e+12
925 3.23228e+12
926 3.22107e+12
927 3.21417e+12
928 3.20441e+12
929 3.19496e+12
930 3.19198e+12
931 3.19042e+12
932 3.18969e+12
933 3.18777e+12
934 3.1832e+12
935 3.1813e+12
936 3.1729e+12
937 3.16511e+12
938 3.15375e+12
939 3.14617e+12
940 3.14049e+12
941 3.13766e+12
942 3.13368e+12
943 3.13273e+12
944 3.12896e+12
945 3.1281e+12
946 3.12392e+12
947 3.12283e+12
948 3.11586e+12
949 3.10796e+12
950 3.10796e+12
951 3.10735e+12
952 3.1059e+12
953 3.10586e+12
954 3.10585e+12
955 3.10585e+12
956 3.10529e+12
957 3.10516e+12
958 3.10513e+12
959 3.10512e+12
960 3.10499e+12
961 3.10434e+12
962 3.10329e+12
963 3.0998e+12
964 3.09201e+12
965 3.08416e+12
966 3.08223e+12
967 3.08207e+12
968 3.08195e+12
969 3.08194e+12
970 3.08183e+12
971 3.08083e+12
972 3.08047e+12
973 3.07985e+12
974 3.07714e+12
975 3.07411e+12
976 3.07057e+12
977 3.06756e+12
978 3.05968e+12
979 3.05354e+12
980 3.05078e+12
981 3.04497e+12
982 3.03909e+12
983 3.02455e+12
984 3.01458e+12
985 3.00189e+12
986 2.99157e+12
987 2.97156e+12
988 2.95072e+12
989 2.92203e+12
990 2.87903e+12
991 2.82997e+12
992 2.77294e+12
993 2.72456e+12
994 2.69947e+12
995 2.65334e+12
996 2.60923e+12
997 2.56797e+12
998 2.50767e+12
999 2.43118e+12
1000 2.43118e+12
1001 2.42385e+12
1002 2.40622e+12
1003 2.39554e+12
1004 2.39132e+12
1005 2.37092e+12
1006 2.35472e+12
1007 2.33043e+12
1008 2.3115e+12
1009 2.28913e+12
1010 2.25861e+12
1011 2.23586e+12
1012 2.20793e+12
1013 2.18043e+12
1014 2.14521e+12
1015 2.11503e+12
1016 2.0899e+12
1017 2.07423e+12
1018 2.04735e+12
1019 2.02516e+12
1020 2.00544e+12
