0 8.80941e+11
1 8.80941e+11
2 8.80941e+11
3 8.80941e+11
4 8.80941e+11
5 8.80941e+11
6 8.80941e+11
7 8.80941e+11
8 8.80941e+11
9 8.80941e+11
10 8.80941e+11
11 8.80941e+11
12 8.80941e+11
13 8.80941e+11
14 8.80941e+11
15 8.80941e+11
16 8.80941e+11
17 8.80941e+11
18 8.8094e+11
19 8.8094e+11
20 8.8094e+11
21 8.80939e+11
22 8.80938e+11
23 8.80937e+11
24 8.80935e+11
25 8.80933e+11
26 8.80929e+11
27 8.80925e+11
28 8.80922e+11
29 8.80921e+11
30 8.8092e+11
31 8.80919e+11
32 8.80918e+11
33 8.80917e+11
34 8.80917e+11
35 8.80917e+11
36 8.80915e+11
37 8.80914e+11
38 8.80912e+11
39 8.80909e+11
40 8.80906e+11
41 8.80903e+11
42 8.809e+11
43 8.80899e+11
44 8.80898e+11
45 8.80896e+11
46 8.80895e+11
47 8.80895e+11
48 8.80895e+11
49 8.80895e+11
50 8.80895e+11
51 8.80895e+11
52 8.80895e+11
53 8.80895e+11
54 8.80895e+11
55 8.80895e+11
56 8.80895e+11
57 8.80895e+11
58 8.80895e+11
59 8.80895e+11
60 8.80895e+11
61 8.80895e+11
62 8.80895e+11
63 8.80895e+11
64 8.80895e+11
65 8.80895e+11
66 8.80895e+11
67 8.80895e+11
68 8.80895e+11
69 8.80895e+11
70 8.80895e+11
71 8.80895e+11
72 8.80895e+11
73 8.80895e+11
74 8.80895e+11
75 8.80895e+11
76 8.80895e+11
77 8.80895e+11
78 8.80895e+11
79 8.80895e+11
80 8.80895e+11
81 8.80895e+11
82 8.80895e+11
83 8.80895e+11
84 8.80895e+11
85 8.80895e+11
86 8.80895e+11
87 8.80895e+11
88 8.80895e+11
89 8.80895e+11
90 8.80895e+11
91 8.80895e+11
92 8.80895e+11
93 8.80895e+11
94 8.80895e+11
95 8.80895e+11
96 8.80895e+11
97 8.80895e+11
98 8.80895e+11
99 8.80895e+11
100 8.80895e+11
101 8.80895e+11
102 8.80895e+11
103 8.80895e+11
104 8.80895e+11
105 8.80895e+11
106 8.80895e+11
107 8.80895e+11
108 8.80895e+11
109 8.80895e+11
110 8.80895e+11
111 8.80895e+11
112 8.80895e+11
113 8.80895e+11
114 8.80895e+11
115 8.80895e+11
116 8.80895e+11
117 8.80895e+11
118 8.80895e+11
119 8.80895e+11
120 8.80895e+11
121 8.80895e+11
122 8.80895e+11
123 8.80895e+11
124 8.80895e+11
125 8.80895e+11
126 8.80895e+11
127 8.80895e+11
128 8.80895e+11
129 8.80895e+11
130 8.80895e+11
131 8.80895e+11
132 8.80895e+11
133 8.80895e+11
134 8.80895e+11
135 8.80895e+11
136 8.80895e+11
137 8.80895e+11
138 8.80895e+11
139 8.80895e+11
140 8.80895e+11
141 8.80895e+11
142 8.80895e+11
143 8.80895e+11
144 8.80895e+11
145 8.80895e+11
146 8.80895e+11
147 8.80895e+11
148 8.80895e+11
149 8.80895e+11
150 8.80895e+11
151 8.80895e+11
152 8.80895e+11
153 8.80895e+11
154 8.80895e+11
155 8.80895e+11
156 8.80895e+11
157 8.80895e+11
158 8.80895e+11
159 8.80895e+11
160 8.80895e+11
161 8.80895e+11
162 8.80895e+11
163 8.80895e+11
164 8.80895e+11
165 8.80895e+11
166 8.80895e+11
167 8.80895e+11
168 8.80895e+11
169 8.80895e+11
170 8.80895e+11
171 8.80895e+11
172 8.80895e+11
173 8.80895e+11
174 8.80895e+11
175 8.80895e+11
176 8.80895e+11
177 8.80895e+11
178 8.80895e+11
179 8.80895e+11
180 8.80895e+11
181 8.80895e+11
182 8.80895e+11
183 8.80895e+11
184 8.80895e+11
185 8.80895e+11
186 8.80895e+11
187 8.80895e+11
188 8.80895e+11
189 8.80895e+11
190 8.80895e+11
191 8.80895e+11
192 8.80895e+11
193 8.80895e+11
194 8.80895e+11
195 8.80895e+11
196 8.80895e+11
197 8.80895e+11
198 8.80895e+11
199 8.80895e+11
200 8.80895e+11
201 8.80895e+11
202 8.80895e+11
203 8.80895e+11
204 8.80895e+11

0 8.80895e+11
1 8.80895e+11
2 8.80895e+11
3 8.80895e+11
4 8.80894e+11
5 8.80893e+11
6 8.80893e+11
7 8.80893e+11
8 8.80893e+11
9 8.80893e+11
10 8.80893e+11
11 8.80893e+11
12 8.80893e+11
13 8.80892e+11
14 8.80892e+11
15 8.80892e+11
16 8.80892e+11
17 8.80892e+11
18 8.80892e+11
19 8.80892e+11
20 8.8089e+11
21 8.80888e+11
22 8.80875e+11
23 8.80861e+11
24 8.80829e+11
25 8.80765e+11
26 8.80738e+11
27 8.80674e+11
28 8.80636e+11
29 8.80575e+11
30 8.80525e+11
31 8.80505e+11
32 8.805e+11
33 8.80493e+11
34 8.80492e+11
35 8.80486e+11
36 8.80472e+11
37 8.80418e+11
38 8.80122e+11
39 8.79746e+11
40 8.78285e+11
41 8.75881e+11
42 8.71643e+11
43 8.62506e+11
44 8.28258e+11
45 7.85678e+11
46 6.5906e+11
47 4.78494e+11
48 3.51382e+11
49 2.68873e+11
50 2.68873e+11
51 2.68873e+11
52 2.68873e+11
53 2.68873e+11
54 2.68873e+11
55 2.68873e+11
56 2.68872e+11
57 2.6887e+11
58 2.6887e+11
59 2.68765e+11
60 2.68711e+11
61 2.67869e+11
62 2.67315e+11
63 2.67253e+11
64 2.64946e+11
65 2.62782e+11
66 2.61978e+11
67 2.61817e+11
68 2.61426e+11
69 2.61397e+11
70 2.61387e+11
71 2.61378e+11
72 2.6134e+11
73 2.60878e+11
74 2.59892e+11
75 2.558e+11
76 2.55697e+11
77 2.55503e+11
78 2.55386e+11
79 2.5505e+11
80 2.55032e+11
81 2.54575e+11
82 2.53828e+11
83 2.5375e+11
84 2.53118e+11
85 2.52842e+11
86 2.5056e+11
87 2.49977e+11
88 2.49919e+11
89 2.48646e+11
90 2.46122e+11
91 2.40819e+11
92 2.32456e+11
93 1.96677e+11
94 1.95381e+11
95 1.77396e+11
96 1.76192e+11
97 1.67051e+11
98 1.54888e+11
99 1.46212e+11
100 1.46212e+11
101 1.46212e+11
102 1.46212e+11
103 1.46212e+11
104 1.46212e+11
105 1.46212e+11
106 1.46211e+11
107 1.46204e+11
108 1.46203e+11
109 1.46198e+11
110 1.46198e+11
111 1.46194e+11
112 1.46194e+11
113 1.46152e+11
114 1.46136e+11
115 1.46026e+11
116 1.45989e+11
117 1.45932e+11
118 1.45931e+11
119 1.45799e+11
120 1.4576e+11
121 1.45711e+11
122 1.45643e+11
123 1.45534e+11
124 1.45132e+11
125 1.45087e+11
126 1.45065e+11
127 1.45e+11
128 1.44985e+11
129 1.44973e+11
130 1.44902e+11
131 1.44823e+11
132 1.44765e+11
133 1.44748e+11
134 1.42883e+11
135 1.42696e+11
136 1.42686e+11
137 1.41703e+11
138 1.41525e+11
139 1.41394e+11
140 1.41394e+11
141 1.41244e+11
142 1.41175e+11
143 1.41118e+11
144 1.40909e+11
145 1.40263e+11
146 1.40242e+11
147 1.39863e+11
148 1.39314e+11
149 1.39311e+11
150 1.39311e+11
151 1.39311e+11
152 1.39311e+11
153 1.39311e+11
154 1.39311e+11
155 1.39311e+11
156 1.39311e+11
157 1.39311e+11
158 1.39309e+11
159 1.39307e+11
160 1.39306e+11
161 1.39303e+11
162 1.39289e+11
163 1.39289e+11
164 1.39286e+11
165 1.39257e+11
166 1.39253e+11
167 1.39233e+11
168 1.39224e+11
169 1.39195e+11
170 1.39193e+11
171 1.39182e+11
172 1.39091e+11
173 1.39067e+11
174 1.39067e+11
175 1.39054e+11
176 1.39052e+11
177 1.39007e+11
178 1.38923e+11
179 1.38558e+11
180 1.38555e+11
181 1.38423e+11
182 1.38406e+11
183 1.38309e+11
184 1.37477e+11
185 1.36859e+11
186 1.36856e+11
187 1.36291e+11
188 1.36289e+11
189 1.36225e+11
190 1.35279e+11
191 1.34862e+11
192 1.34335e+11
193 1.33962e+11
194 1.33943e+11
195 1.33886e+11
196 1.33646e+11
197 1.32772e+11
198 1.32741e+11
199 1.32652e+11
200 1.32652e+11
201 1.32652e+11
202 1.32652e+11
203 1.32652e+11
204 1.32652e+11
205 1.32652e+11
206 1.32652e+11
207 1.32651e+11
208 1.32651e+11
209 1.3265e+11
210 1.3265e+11
211 1.32648e+11
212 1.3264e+11
213 1.32627e+11
214 1.32584e+11
215 1.3251e+11
216 1.3249e+11
217 1.3248e+11
218 1.32401e+11
219 1.32397e+11
220 1.32329e+11
221 1.32327e+11
222 1.32324e+11
223 1.32301e+11
224 1.32201e+11
225 1.31786e+11
226 1.31684e+11
227 1.31589e+11
228 1.31504e+11
229 1.31014e+11
230 1.30886e+11
231 1.30855e+11
232 1.30499e+11
233 1.30474e+11
234 1.30338e+11
235 1.29544e+11
236 1.29312e+11
237 1.29307e+11
238 1.29192e+11
239 1.28834e+11
240 1.28671e+11
241 1.28575e+11
242 1.28293e+11
243 1.28287e+11
244 1.28182e+11
245 1.28081e+11
246 1.28074e+11
247 1.27959e+11
248 1.27542e+11
249 1.27472e+11
250 1.27472e+11
251 1.27472e+11
252 1.27472e+11
253 1.27472e+11
254 1.27472e+11
255 1.27472e+11
256 1.27472e+11
257 1.27471e+11
258 1.27471e+11
259 1.2747e+11
260 1.2747e+11
261 1.27469e+11
262 1.27456e+11
263 1.27454e+11
264 1.27447e+11
265 1.27446e+11
266 1.27445e+11
267 1.27444e+11
268 1.27414e+11
269 1.27401e+11
270 1.27376e+11
271 1.27328e+11
272 1.27213e+11
273 1.27213e+11
274 1.27211e+11
275 1.27143e+11
276 1.27088e+11
277 1.2695e+11
278 1.26824e+11
279 1.26815e+11
280 1.26777e+11
281 1.26748e+11
282 1.26628e+11
283 1.26491e+11
284 1.26442e+11
285 1.26441e+11
286 1.26291e+11
287 1.26288e+11
288 1.26258e+11
289 1.2621e+11
290 1.26194e+11
291 1.25882e+11
292 1.25453e+11
293 1.24815e+11
294 1.2385e+11
295 1.2011e+11
296 1.09182e+11
297 9.04608e+10
298 8.12469e+10
299 6.82155e+10
300 6.82155e+10
301 6.82155e+10
302 6.82155e+10
303 6.82155e+10
304 6.82155e+10
305 6.82155e+10
306 6.82154e+10
307 6.82154e+10
308 6.82153e+10
309 6.82006e+10
310 6.81997e+10
311 6.81671e+10
312 6.81545e+10
313 6.81535e+10
314 6.80337e+10
315 6.78219e+10
316 6.73473e+10
317 6.73145e+10
318 6.73144e+10
319 6.704e+10
320 6.70389e+10
321 6.70356e+10
322 6.70096e+10
323 6.68536e+10
324 6.68003e+10
325 6.66159e+10
326 6.65505e+10
327 6.65489e+10
328 6.65379e+10
329 6.64577e+10
330 6.64536e+10
331 6.64491e+10
332 6.64258e+10
333 6.63577e+10
334 6.57125e+10
335 6.56836e+10
336 6.56306e+10
337 6.53664e+10
338 6.53657e+10
339 6.53635e+10
340 6.52386e+10
341 6.48777e+10
342 6.47775e+10
343 6.45831e+10
344 6.3911e+10
345 6.27634e+10
346 6.26636e+10
347 6.23327e+10
348 6.0995e+10
349 5.94384e+10
350 5.94384e+10
351 5.94384e+10
352 5.94384e+10
353 5.94384e+10
354 5.94384e+10
355 5.9438e+10
356 5.94365e+10
357 5.9431e+10
358 5.94307e+10
359 5.94291e+10
360 5.94221e+10
361 5.94214e+10
362 5.94151e+10
363 5.94151e+10
364 5.94149e+10
365 5.94149e+10
366 5.93985e+10
367 5.93652e+10
368 5.93652e+10
369 5.93504e+10
370 5.92826e+10
371 5.92729e+10
372 5.92712e+10
373 5.91938e+10
374 5.91127e+10
375 5.91126e+10
376 5.90388e+10
377 5.90357e+10
378 5.90343e+10
379 5.89423e+10
380 5.89379e+10
381 5.8549e+10
382 5.85347e+10
383 5.84829e+10
384 5.81437e+10
385 5.79109e+10
386 5.69853e+10
387 5.68488e+10
388 5.67677e+10
389 5.6721e+10
390 5.67198e+10
391 5.61601e+10
392 5.61536e+10
393 5.60881e+10
394 5.58311e+10
395 5.55647e+10
396 5.47852e+10
397 5.42113e+10
398 5.32755e+10
399 4.64065e+10
400 4.64065e+10
401 4.64065e+10
402 4.64065e+10
403 4.64065e+10
404 4.64065e+10
405 4.64064e+10
406 4.64059e+10
407 4.64059e+10
408 4.64041e+10
409 4.6404e+10
410 4.63999e+10
411 4.63996e+10
412 4.63986e+10
413 4.63904e+10
414 4.62402e+10
415 4.60288e+10
416 4.60245e+10
417 4.59372e+10
418 4.59341e+10
419 4.58966e+10
420 4.58872e+10
421 4.58559e+10
422 4.56375e+10
423 4.49699e+10
424 4.43049e+10
425 4.42579e+10
426 4.41593e+10
427 4.41189e+10
428 4.39225e+10
429 4.38845e+10
430 4.38826e+10
431 4.38698e+10
432 4.38682e+10
433 4.38656e+10
434 4.3534e+10
435 4.35147e+10
436 4.33188e+10
437 4.32409e+10
438 4.30668e+10
439 4.30576e+10
440 4.30576e+10
441 4.29473e+10
442 4.18205e+10
443 4.08277e+10
444 4.0676e+10
445 3.87067e+10
446 3.75152e+10
447 3.71185e+10
448 3.70903e+10
449 3.57517e+10
450 3.57517e+10
451 3.57517e+10
452 3.57517e+10
453 3.57517e+10
454 3.57517e+10
455 3.57517e+10
456 3.57517e+10
457 3.57508e+10
458 3.57506e+10
459 3.57502e+10
460 3.57494e+10
461 3.57494e+10
462 3.57387e+10
463 3.57355e+10
464 3.57209e+10
465 3.57096e+10
466 3.57034e+10
467 3.56777e+10
468 3.56674e+10
469 3.56671e+10
470 3.5667e+10
471 3.56586e+10
472 3.56297e+10
473 3.55925e+10
474 3.55752e+10
475 3.55648e+10
476 3.55621e+10
477 3.54892e+10
478 3.54293e+10
479 3.53403e+10
480 3.53392e+10
481 3.53374e+10
482 3.52913e+10
483 3.52805e+10
484 3.52788e+10
485 3.51146e+10
486 3.51146e+10
487 3.49392e+10
488 3.49145e+10
489 3.48874e+10
490 3.47698e+10
491 3.47063e+10
492 3.44462e+10
493 3.42639e+10
494 3.4149e+10
495 3.40435e+10
496 3.38304e+10
497 3.37877e+10
498 3.37804e+10
499 3.3574e+10
500 3.3574e+10
501 3.3574e+10
502 3.3574e+10
503 3.3574e+10
504 3.3574e+10
505 3.3574e+10
506 3.3574e+10
507 3.35739e+10
508 3.35739e+10
509 3.35736e+10
510 3.35736e+10
511 3.35736e+10
512 3.35708e+10
513 3.35699e+10
514 3.35699e+10
515 3.3554e+10
516 3.35526e+10
517 3.3539e+10
518 3.35336e+10
519 3.35225e+10
520 3.35216e+10
521 3.35155e+10
522 3.34937e+10
523 3.34883e+10
524 3.34828e+10
525 3.3285e+10
526 3.32368e+10
527 3.31891e+10
528 3.3165e+10
529 3.30989e+10
530 3.29383e+10
531 3.29288e+10
532 3.29251e+10
533 3.2924e+10
534 3.28159e+10
535 3.27482e+10
536 3.27292e+10
537 3.27257e+10
538 3.26861e+10
539 3.26841e+10
540 3.24136e+10
541 3.24111e+10
542 3.22748e+10
543 3.22707e+10
544 3.22707e+10
545 3.22246e+10
546 3.22233e+10
547 3.20411e+10
548 3.10799e+10
549 2.98836e+10
550 2.98836e+10
551 2.98836e+10
552 2.98836e+10
553 2.98836e+10
554 2.98836e+10
555 2.98836e+10
556 2.98836e+10
557 2.98835e+10
558 2.98834e+10
559 2.98834e+10
560 2.98834e+10
561 2.9883e+10
562 2.98824e+10
563 2.98795e+10
564 2.98766e+10
565 2.98763e+10
566 2.98742e+10
567 2.98741e+10
568 2.98733e+10
569 2.98719e+10
570 2.98702e+10
571 2.98452e+10
572 2.98371e+10
573 2.98362e+10
574 2.97933e+10
575 2.97933e+10
576 2.97932e+10
577 2.9793e+10
578 2.97784e+10
579 2.97383e+10
580 2.9682e+10
581 2.96813e+10
582 2.96651e+10
583 2.96645e+10
584 2.96485e+10
585 2.96422e+10
586 2.96168e+10
587 2.95947e+10
588 2.95615e+10
589 2.95613e+10
590 2.93678e+10
591 2.93385e+10
592 2.93057e+10
593 2.90177e+10
594 2.90062e+10
595 2.88644e+10
596 2.87191e+10
597 2.83088e+10
598 2.82573e+10
599 2.74175e+10
600 2.74175e+10
601 2.74175e+10
602 2.74175e+10
603 2.74175e+10
604 2.74175e+10
605 2.74175e+10
606 2.74175e+10
607 2.74175e+10
608 2.74174e+10
609 2.74171e+10
610 2.74165e+10
611 2.74159e+10
612 2.74134e+10
613 2.74126e+10
614 2.74118e+10
615 2.74117e+10
616 2.74117e+10
617 2.74114e+10
618 2.74103e+10
619 2.74049e+10
620 2.74038e+10
621 2.73972e+10
622 2.73915e+10
623 2.73798e+10
624 2.73699e+10
625 2.73626e+10
626 2.73624e+10
627 2.73395e+10
628 2.73184e+10
629 2.73152e+10
630 2.73152e+10
631 2.73057e+10
632 2.73047e+10
633 2.71198e+10
634 2.71193e+10
635 2.6927e+10
636 2.68783e+10
637 2.68683e+10
638 2.68469e+10
639 2.68291e+10
640 2.67154e+10
641 2.67152e+10
642 2.67074e+10
643 2.63699e+10
644 2.6365e+10
645 2.62474e+10
646 2.62454e+10
647 2.62054e+10
648 2.6203e+10
649 2.61202e+10
650 2.61202e+10
651 2.61202e+10
652 2.61202e+10
653 2.61202e+10
654 2.61202e+10
655 2.61202e+10
656 2.61202e+10
657 2.61202e+10
658 2.61202e+10
659 2.61201e+10
660 2.61201e+10
661 2.61197e+10
662 2.61196e+10
663 2.61195e+10
664 2.61195e+10
665 2.61194e+10
666 2.61162e+10
667 2.61149e+10
668 2.61149e+10
669 2.61147e+10
670 2.6111e+10
671 2.61096e+10
672 2.60929e+10
673 2.60922e+10
674 2.60856e+10
675 2.60853e+10
676 2.60846e+10
677 2.60835e+10
678 2.60823e+10
679 2.60765e+10
680 2.60664e+10
681 2.60628e+10
682 2.60627e+10
683 2.60528e+10
684 2.60458e+10
685 2.60189e+10
686 2.60168e+10
687 2.60168e+10
688 2.60105e+10
689 2.5968e+10
690 2.5904e+10
691 2.58903e+10
692 2.58807e+10
693 2.58596e+10
694 2.57358e+10
695 2.56898e+10
696 2.56144e+10
697 2.49903e+10
698 2.45081e+10
699 2.43441e+10
700 2.43441e+10
701 2.43441e+10
702 2.43441e+10
703 2.43441e+10
704 2.43441e+10
705 2.43441e+10
706 2.43441e+10
707 2.43441e+10
708 2.43441e+10
709 2.43441e+10
710 2.43419e+10
711 2.43407e+10
712 2.43369e+10
713 2.43366e+10
714 2.43357e+10
715 2.4324e+10
716 2.43237e+10
717 2.4303e+10
718 2.42972e+10
719 2.42801e+10
720 2.42711e+10
721 2.42654e+10
722 2.4235e+10
723 2.42043e+10
724 2.42006e+10
725 2.41856e+10
726 2.41783e+10
727 2.41513e+10
728 2.41483e+10
729 2.4028e+10
730 2.3885e+10
731 2.38847e+10
732 2.38624e+10
733 2.38083e+10
734 2.37896e+10
735 2.37378e+10
736 2.37355e+10
737 2.36045e+10
738 2.35704e+10
739 2.35562e+10
740 2.34566e+10
741 2.34482e+10
742 2.33981e+10
743 2.33909e+10
744 2.33861e+10
745 2.3375e+10
746 2.31416e+10
747 2.31134e+10
748 2.29482e+10
749 2.25459e+10
750 2.25459e+10
751 2.25459e+10
752 2.25459e+10
753 2.25459e+10
754 2.25459e+10
755 2.25459e+10
756 2.25459e+10
757 2.25459e+10
758 2.25459e+10
759 2.25453e+10
760 2.25448e+10
761 2.25447e+10
762 2.25439e+10
763 2.25401e+10
764 2.25401e+10
765 2.25378e+10
766 2.25351e+10
767 2.25298e+10
768 2.2529e+10
769 2.25287e+10
770 2.25165e+10
771 2.25162e+10
772 2.25104e+10
773 2.25095e+10
774 2.25003e+10
775 2.24979e+10
776 2.24957e+10
777 2.24954e+10
778 2.24916e+10
779 2.24913e+10
780 2.24886e+10
781 2.24389e+10
782 2.24303e+10
783 2.24302e+10
784 2.24181e+10
785 2.23887e+10
786 2.23887e+10
787 2.23171e+10
788 2.22823e+10
789 2.22488e+10
790 2.22339e+10
791 2.22018e+10
792 2.21159e+10
793 2.21071e+10
794 2.20525e+10
795 2.20266e+10
796 2.18885e+10
797 2.18511e+10
798 2.17793e+10
799 2.16181e+10
800 2.16181e+10
801 2.16181e+10
802 2.16181e+10
803 2.16181e+10
804 2.16181e+10
805 2.1618e+10
806 2.1618e+10
807 2.16179e+10
808 2.16178e+10
809 2.16177e+10
810 2.16177e+10
811 2.16177e+10
812 2.16159e+10
813 2.16158e+10
814 2.16114e+10
815 2.16066e+10
816 2.16063e+10
817 2.16057e+10
818 2.16054e+10
819 2.16049e+10
820 2.15766e+10
821 2.15745e+10
822 2.15276e+10
823 2.15198e+10
824 2.14946e+10
825 2.14304e+10
826 2.13769e+10
827 2.13635e+10
828 2.13635e+10
829 2.12925e+10
830 2.12761e+10
831 2.12696e+10
832 2.12696e+10
833 2.12544e+10
834 2.12533e+10
835 2.12439e+10
836 2.1241e+10
837 2.12333e+10
838 2.12266e+10
839 2.12039e+10
840 2.12039e+10
841 2.12038e+10
842 2.12015e+10
843 2.10407e+10
844 2.09804e+10
845 2.09613e+10
846 2.08783e+10
847 2.06551e+10
848 1.91384e+10
849 1.73101e+10
850 1.73101e+10
851 1.73101e+10
852 1.73101e+10
853 1.73101e+10
854 1.73101e+10
855 1.73101e+10
856 1.73101e+10
857 1.73101e+10
858 1.731e+10
859 1.73097e+10
860 1.73087e+10
861 1.73087e+10
862 1.73023e+10
863 1.72938e+10
864 1.7284e+10
865 1.72783e+10
866 1.72773e+10
867 1.72693e+10
868 1.72645e+10
869 1.72534e+10
870 1.72214e+10
871 1.72143e+10
872 1.71931e+10
873 1.71925e+10
874 1.71748e+10
875 1.70925e+10
876 1.70315e+10
877 1.69603e+10
878 1.692e+10
879 1.68525e+10
880 1.68428e+10
881 1.68426e+10
882 1.68363e+10
883 1.68363e+10
884 1.6634e+10
885 1.66183e+10
886 1.64987e+10
887 1.64973e+10
888 1.63844e+10
889 1.62514e+10
890 1.62201e+10
891 1.61814e+10
892 1.59339e+10
893 1.59246e+10
894 1.59122e+10
895 1.58993e+10
896 1.5893e+10
897 1.58696e+10
898 1.5816e+10
899 1.57785e+10
900 1.57785e+10
901 1.57785e+10
902 1.57785e+10
903 1.57785e+10
904 1.57785e+10
905 1.57785e+10
906 1.57785e+10
907 1.57781e+10
908 1.57779e+10
909 1.57764e+10
910 1.5776e+10
911 1.57718e+10
912 1.57633e+10
913 1.57632e+10
914 1.57596e+10
915 1.57579e+10
916 1.57577e+10
917 1.57543e+10
918 1.57403e+10
919 1.57384e+10
920 1.57337e+10
921 1.57052e+10
922 1.56925e+10
923 1.56903e+10
924 1.56725e+10
925 1.56575e+10
926 1.56574e+10
927 1.56425e+10
928 1.56338e+10
929 1.55044e+10
930 1.54644e+10
931 1.54643e+10
932 1.54643e+10
933 1.5463e+10
934 1.53057e+10
935 1.52694e+10
936 1.51471e+10
937 1.50216e+10
938 1.49681e+10
939 1.4933e+10
940 1.49295e+10
941 1.49261e+10
942 1.48818e+10
943 1.47788e+10
944 1.46338e+10
945 1.46288e+10
946 1.46201e+10
947 1.46109e+10
948 1.46065e+10
949 1.46065e+10
950 1.46065e+10
951 1.46065e+10
952 1.46065e+10
953 1.46065e+10
954 1.46065e+10
955 1.46065e+10
956 1.46065e+10
957 1.46065e+10
958 1.46065e+10
959 1.46061e+10
960 1.46054e+10
961 1.46047e+10
962 1.46044e+10
963 1.46032e+10
964 1.46032e+10
965 1.46029e+10
966 1.46017e+10
967 1.45957e+10
968 1.45956e+10
969 1.45954e+10
970 1.45933e+10
971 1.45932e+10
972 1.45816e+10
973 1.45765e+10
974 1.45697e+10
975 1.45597e+10
976 1.45444e+10
977 1.45307e+10
978 1.45271e+10
979 1.45128e+10
980 1.45125e+10
981 1.44986e+10
982 1.44886e+10
983 1.44545e+10
984 1.44544e+10
985 1.44543e+10
986 1.44287e+10
987 1.43132e+10
988 1.42891e+10
989 1.42866e+10
990 1.42861e+10
991 1.42844e+10
992 1.42628e+10
993 1.4255e+10
994 1.4255e+10
995 1.4254e+10
996 1.42091e+10
997 1.42091e+10
998 1.37243e+10
999 1.26405e+10
1000 1.26405e+10
1001 1.26405e+10
1002 1.26405e+10
1003 1.26405e+10
1004 1.26405e+10
1005 1.26405e+10
1006 1.26405e+10
1007 1.26405e+10
1008 1.26402e+10
1009 1.26394e+10
1010 1.26393e+10
1011 1.26393e+10
1012 1.26387e+10
1013 1.26387e+10
1014 1.26306e+10
1015 1.26178e+10
1016 1.26005e+10
1017 1.25922e+10
1018 1.25864e+10
1019 1.25806e+10
1020 1.258e+10
