0 1.53832e+17
1 1.53832e+17
2 1.53832e+17
3 1.53832e+17
4 1.53832e+17
5 1.53832e+17
6 1.53832e+17
7 1.53832e+17
8 1.53832e+17
9 1.53832e+17
10 1.53832e+17
11 1.53832e+17
12 1.53832e+17
13 1.53832e+17
14 1.53832e+17
15 1.53832e+17
16 1.53832e+17
17 1.53832e+17
18 1.53832e+17
19 1.53832e+17
20 1.53832e+17
21 1.53832e+17
22 1.53832e+17
23 1.53832e+17
24 1.53832e+17
25 1.53832e+17
26 1.53832e+17
27 1.53832e+17
28 1.53831e+17
29 1.53831e+17
30 1.53831e+17
31 1.53831e+17
32 1.53831e+17
33 1.53831e+17
34 1.5383e+17
35 1.53829e+17
36 1.53828e+17
37 1.53828e+17
38 1.53828e+17
39 1.53827e+17
40 1.53827e+17
41 1.53822e+17
42 1.5382e+17
43 1.53818e+17
44 1.53784e+17
45 1.53749e+17
46 1.53727e+17
47 1.53718e+17
48 1.53709e+17
49 1.53709e+17
50 1.53709e+17
51 1.53709e+17
52 1.53709e+17
53 1.53709e+17
54 1.53709e+17
55 1.53709e+17
56 1.53709e+17
57 1.53709e+17
58 1.53709e+17
59 1.53709e+17
60 1.53709e+17
61 1.53709e+17
62 1.53709e+17
63 1.53708e+17
64 1.53708e+17
65 1.53708e+17
66 1.53708e+17
67 1.53708e+17
68 1.53707e+17
69 1.53707e+17
70 1.53705e+17
71 1.53703e+17
72 1.53703e+17
73 1.53703e+17
74 1.53702e+17
75 1.53701e+17
76 1.537e+17
77 1.537e+17
78 1.537e+17
79 1.53699e+17
80 1.53699e+17
81 1.53698e+17
82 1.53698e+17
83 1.53697e+17
84 1.53696e+17
85 1.53696e+17
86 1.53696e+17
87 1.53692e+17
88 1.53685e+17
89 1.53679e+17
90 1.53678e+17
91 1.53678e+17
92 1.53677e+17
93 1.53671e+17
94 1.53661e+17
95 1.53655e+17
96 1.53653e+17
97 1.53649e+17
98 1.53649e+17
99 1.53649e+17
100 1.53649e+17
101 1.53649e+17
102 1.53649e+17
103 1.53649e+17
104 1.53649e+17
105 1.53649e+17
106 1.53649e+17
107 1.53649e+17
108 1.53649e+17
109 1.53649e+17
110 1.53649e+17
111 1.53649e+17
112 1.53649e+17
113 1.53649e+17
114 1.53649e+17
115 1.53649e+17
116 1.53649e+17
117 1.53649e+17
118 1.53649e+17
119 1.53648e+17
120 1.53648e+17
121 1.53648e+17
122 1.53648e+17
123 1.53648e+17
124 1.53648e+17
125 1.53647e+17
126 1.53646e+17
127 1.53646e+17
128 1.53646e+17
129 1.53646e+17
130 1.53646e+17
131 1.53646e+17
132 1.53646e+17
133 1.53646e+17
134 1.53645e+17
135 1.53645e+17
136 1.53645e+17
137 1.53645e+17
138 1.53644e+17
139 1.53643e+17
140 1.53643e+17
141 1.53642e+17
142 1.53632e+17
143 1.53621e+17
144 1.53612e+17
145 1.53612e+17
146 1.53606e+17
147 1.53606e+17
148 1.53606e+17
149 1.53606e+17
150 1.53606e+17
151 1.53606e+17
152 1.53606e+17
153 1.53606e+17
154 1.53606e+17
155 1.53606e+17
156 1.53606e+17
157 1.53606e+17
158 1.53606e+17
159 1.53606e+17
160 1.53606e+17
161 1.53606e+17
162 1.53606e+17
163 1.53606e+17
164 1.53606e+17
165 1.53605e+17
166 1.53605e+17
167 1.53605e+17
168 1.53605e+17
169 1.53604e+17
170 1.53604e+17
171 1.53604e+17
172 1.53604e+17
173 1.53603e+17
174 1.53603e+17
175 1.53603e+17
176 1.53602e+17
177 1.53602e+17
178 1.53602e+17
179 1.53601e+17
180 1.53601e+17
181 1.536e+17
182 1.536e+17
183 1.536e+17
184 1.536e+17
185 1.53598e+17
186 1.53598e+17
187 1.53597e+17
188 1.53597e+17
189 1.53597e+17
190 1.53596e+17
191 1.53584e+17
192 1.53584e+17
193 1.53557e+17
194 1.53557e+17
195 1.53543e+17
196 1.53543e+17
197 1.53543e+17
198 1.53543e+17
199 1.53543e+17
200 1.53543e+17
201 1.53543e+17
202 1.53543e+17
203 1.53543e+17
204 1.53543e+17
205 1.53543e+17
206 1.53543e+17
207 1.53543e+17
208 1.53543e+17
209 1.53543e+17
210 1.53542e+17
211 1.53542e+17
212 1.53542e+17
213 1.53542e+17
214 1.53542e+17
215 1.53542e+17
216 1.53542e+17
217 1.53541e+17
218 1.53541e+17
219 1.53541e+17
220 1.53541e+17
221 1.53541e+17
222 1.53541e+17
223 1.5354e+17
224 1.5354e+17
225 1.53538e+17
226 1.53538e+17
227 1.53537e+17
228 1.53536e+17
229 1.53535e+17
230 1.53534e+17
231 1.53534e+17
232 1.53533e+17
233 1.53532e+17
234 1.53532e+17
235 1.53532e+17
236 1.53531e+17
237 1.5353e+17
238 1.53524e+17
239 1.5352e+17
240 1.535e+17
241 1.53461e+17
242 1.53429e+17
243 1.53426e+17
244 1.53109e+17
245 1.53109e+17
246 1.53109e+17
247 1.53109e+17
248 1.53109e+17
249 1.53109e+17
250 1.53109e+17
251 1.53109e+17
252 1.53109e+17
253 1.53109e+17
254 1.53107e+17
255 1.53107e+17
256 1.53106e+17
257 1.53104e+17
258 1.53102e+17
259 1.531e+17
260 1.53096e+17
261 1.53094e+17
262 1.53075e+17
263 1.5306e+17
264 1.53054e+17
265 1.53054e+17
266 1.53053e+17
267 1.53053e+17
268 1.53053e+17
269 1.53053e+17
270 1.53052e+17
271 1.53052e+17
272 1.53036e+17
273 1.53014e+17
274 1.53003e+17
275 1.52987e+17
276 1.52956e+17
277 1.5294e+17
278 1.52911e+17
279 1.52815e+17
280 1.52809e+17
281 1.52747e+17
282 1.52685e+17
283 1.52658e+17
284 1.52615e+17
285 1.52371e+17
286 1.52207e+17
287 1.52004e+17
288 1.51828e+17
289 1.51502e+17
290 1.51252e+17
291 1.50838e+17
292 1.50654e+17
293 1.50358e+17
294 1.50358e+17
295 1.50358e+17
296 1.50358e+17
297 1.50358e+17
298 1.50358e+17
299 1.50358e+17
300 1.50358e+17
301 1.50357e+17
302 1.50357e+17
303 1.50357e+17
304 1.50357e+17
305 1.50357e+17
306 1.50357e+17
307 1.50354e+17
308 1.50351e+17
309 1.50348e+17
310 1.50347e+17
311 1.50344e+17
312 1.50333e+17
313 1.503e+17
314 1.50274e+17
315 1.50246e+17
316 1.50245e+17
317 1.50232e+17
318 1.50231e+17
319 1.5023e+17
320 1.50227e+17
321 1.50227e+17
322 1.5022e+17
323 1.50217e+17
324 1.5017e+17
325 1.50115e+17
326 1.50054e+17
327 1.49953e+17
328 1.49865e+17
329 1.4985e+17
330 1.4985e+17
331 1.4985e+17
332 1.49841e+17
333 1.49838e+17
334 1.49789e+17
335 1.49542e+17
336 1.49487e+17
337 1.49462e+17
338 1.49449e+17
339 1.49409e+17
340 1.49329e+17
341 1.49277e+17
342 1.49276e+17
343 1.49276e+17
344 1.49276e+17
345 1.49276e+17
346 1.49276e+17
347 1.49276e+17
348 1.49276e+17
349 1.49276e+17
350 1.49276e+17
351 1.49276e+17
352 1.49276e+17
353 1.49276e+17
354 1.49276e+17
355 1.49276e+17
356 1.49276e+17
357 1.49276e+17
358 1.49276e+17
359 1.49275e+17
360 1.49275e+17
361 1.49275e+17
362 1.49266e+17
363 1.4926e+17
364 1.49255e+17
365 1.49251e+17
366 1.49244e+17
367 1.49238e+17
368 1.49228e+17
369 1.49226e+17
370 1.4919e+17
371 1.49188e+17
372 1.49187e+17
373 1.49178e+17
374 1.49165e+17
375 1.49159e+17
376 1.49152e+17
377 1.49151e+17
378 1.4915e+17
379 1.49144e+17
380 1.49138e+17
381 1.49138e+17
382 1.49109e+17
383 1.49055e+17
384 1.4905e+17
385 1.49019e+17
386 1.49015e+17
387 1.48989e+17
388 1.48979e+17
389 1.48976e+17
390 1.48973e+17
391 1.48897e+17
392 1.48897e+17
393 1.48897e+17
394 1.48897e+17
395 1.48897e+17
396 1.48897e+17
397 1.48897e+17
398 1.48897e+17
399 1.48897e+17
400 1.48897e+17
401 1.48897e+17
402 1.48897e+17
403 1.48897e+17
404 1.48897e+17
405 1.48897e+17
406 1.48897e+17
407 1.48897e+17
408 1.48897e+17
409 1.48896e+17
410 1.48894e+17
411 1.48891e+17
412 1.4889e+17
413 1.4889e+17
414 1.4889e+17
415 1.4889e+17
416 1.48889e+17
417 1.48889e+17
418 1.48889e+17
419 1.48889e+17
420 1.48889e+17
421 1.48888e+17
422 1.48888e+17
423 1.48885e+17
424 1.48883e+17
425 1.48881e+17
426 1.4888e+17
427 1.4888e+17
428 1.4888e+17
429 1.4888e+17
430 1.4888e+17
431 1.48879e+17
432 1.48878e+17
433 1.48843e+17
434 1.48832e+17
435 1.48829e+17
436 1.48827e+17
437 1.48809e+17
438 1.48799e+17
439 1.48792e+17
440 1.48791e+17
441 1.48791e+17
442 1.48791e+17
443 1.48791e+17
444 1.48791e+17
445 1.48791e+17
446 1.48791e+17
447 1.48791e+17
448 1.48791e+17
449 1.48791e+17
450 1.48791e+17
451 1.48791e+17
452 1.48791e+17
453 1.48791e+17
454 1.48791e+17
455 1.48791e+17
456 1.48791e+17
457 1.48791e+17
458 1.48791e+17
459 1.48791e+17
460 1.48791e+17
461 1.48791e+17
462 1.4879e+17
463 1.4879e+17
464 1.48789e+17
465 1.48789e+17
466 1.48789e+17
467 1.48789e+17
468 1.48789e+17
469 1.48788e+17
470 1.48787e+17
471 1.48783e+17
472 1.48777e+17
473 1.48772e+17
474 1.48763e+17
475 1.48757e+17
476 1.48754e+17
477 1.48751e+17
478 1.48748e+17
479 1.48743e+17
480 1.48737e+17
481 1.4872e+17
482 1.48713e+17
483 1.48703e+17
484 1.48676e+17
485 1.48618e+17
486 1.48533e+17
487 1.48411e+17
488 1.48183e+17
489 1.47815e+17
490 1.47815e+17
491 1.47815e+17
492 1.47815e+17
493 1.47815e+17
494 1.47815e+17
495 1.47815e+17
496 1.47815e+17
497 1.47814e+17
498 1.47814e+17
499 1.47814e+17
500 1.47812e+17
501 1.47811e+17
502 1.4781e+17
503 1.47806e+17
504 1.47782e+17
505 1.47748e+17
506 1.47727e+17
507 1.47724e+17
508 1.47723e+17
509 1.47694e+17
510 1.47656e+17
511 1.47654e+17
512 1.47606e+17
513 1.47603e+17
514 1.47603e+17
515 1.47601e+17
516 1.47593e+17
517 1.47592e+17
518 1.47589e+17
519 1.47589e+17
520 1.47575e+17
521 1.47443e+17
522 1.4732e+17
523 1.47147e+17
524 1.46741e+17
525 1.46666e+17
526 1.46619e+17
527 1.46592e+17
528 1.46589e+17
529 1.4655e+17
530 1.46285e+17
531 1.45918e+17
532 1.45872e+17
533 1.45854e+17
534 1.45797e+17
535 1.45496e+17
536 1.45415e+17
537 1.45271e+17
538 1.44928e+17
539 1.44928e+17
540 1.44928e+17
541 1.44928e+17
542 1.44928e+17
543 1.44928e+17
544 1.44928e+17
545 1.44928e+17
546 1.44928e+17
547 1.44928e+17
548 1.44928e+17
549 1.44927e+17
550 1.44927e+17
551 1.44926e+17
552 1.44923e+17
553 1.44919e+17
554 1.44912e+17
555 1.44909e+17
556 1.44909e+17
557 1.44908e+17
558 1.44899e+17
559 1.44887e+17
560 1.44884e+17
561 1.44867e+17
562 1.44866e+17
563 1.44864e+17
564 1.44863e+17
565 1.44861e+17
566 1.44857e+17
567 1.44857e+17
568 1.44852e+17
569 1.44845e+17
570 1.44824e+17
571 1.44812e+17
572 1.44785e+17
573 1.4477e+17
574 1.44761e+17
575 1.44752e+17
576 1.4475e+17
577 1.4475e+17
578 1.44738e+17
579 1.44614e+17
580 1.44549e+17
581 1.44536e+17
582 1.44534e+17
583 1.44523e+17
584 1.44469e+17
585 1.4436e+17
586 1.44231e+17
587 1.4423e+17
588 1.4423e+17
589 1.4423e+17
590 1.4423e+17
591 1.4423e+17
592 1.4423e+17
593 1.4423e+17
594 1.4423e+17
595 1.4423e+17
596 1.4423e+17
597 1.4423e+17
598 1.4423e+17
599 1.4423e+17
600 1.4423e+17
601 1.4423e+17
602 1.4423e+17
603 1.44229e+17
604 1.44229e+17
605 1.44229e+17
606 1.44229e+17
607 1.44226e+17
608 1.44219e+17
609 1.44218e+17
610 1.4421e+17
611 1.44209e+17
612 1.44209e+17
613 1.44208e+17
614 1.44206e+17
615 1.44204e+17
616 1.44204e+17
617 1.44204e+17
618 1.44203e+17
619 1.44202e+17
620 1.442e+17
621 1.4419e+17
622 1.44185e+17
623 1.44184e+17
624 1.44183e+17
625 1.44181e+17
626 1.44179e+17
627 1.44178e+17
628 1.44176e+17
629 1.44173e+17
630 1.44173e+17
631 1.44173e+17
632 1.44171e+17
633 1.44151e+17
634 1.44142e+17
635 1.44132e+17
636 1.44129e+17
637 1.44129e+17
638 1.44129e+17
639 1.44129e+17
640 1.44129e+17
641 1.44129e+17
642 1.44129e+17
643 1.44129e+17
644 1.44129e+17
645 1.44129e+17
646 1.44129e+17
647 1.44129e+17
648 1.44129e+17
649 1.44129e+17
650 1.44129e+17
651 1.44129e+17
652 1.44129e+17
653 1.44129e+17
654 1.44129e+17
655 1.44129e+17
656 1.44129e+17
657 1.44128e+17
658 1.44128e+17
659 1.44127e+17
660 1.44126e+17
661 1.44126e+17
662 1.44126e+17
663 1.44126e+17
664 1.44126e+17
665 1.44126e+17
666 1.44125e+17
667 1.44125e+17
668 1.44124e+17
669 1.44123e+17
670 1.44122e+17
671 1.44122e+17
672 1.44122e+17
673 1.44122e+17
674 1.44121e+17
675 1.44121e+17
676 1.44121e+17
677 1.4412e+17
678 1.4412e+17
679 1.4412e+17
680 1.44119e+17
681 1.44116e+17
682 1.44106e+17
683 1.44096e+17
684 1.44083e+17
685 1.44079e+17
686 1.44079e+17
687 1.44079e+17
688 1.44079e+17
689 1.44079e+17
690 1.44079e+17
691 1.44079e+17
692 1.44079e+17
693 1.44079e+17
694 1.44079e+17
695 1.44079e+17
696 1.44079e+17
697 1.44079e+17
698 1.44079e+17
699 1.44079e+17
700 1.44079e+17
701 1.44079e+17
702 1.44078e+17
703 1.44078e+17
704 1.44078e+17
705 1.44078e+17
706 1.44077e+17
707 1.44077e+17
708 1.44076e+17
709 1.44075e+17
710 1.44075e+17
711 1.44075e+17
712 1.44075e+17
713 1.44075e+17
714 1.44075e+17
715 1.44075e+17
716 1.44074e+17
717 1.44073e+17
718 1.44073e+17
719 1.44071e+17
720 1.4407e+17
721 1.44069e+17
722 1.44069e+17
723 1.44069e+17
724 1.44069e+17
725 1.44069e+17
726 1.44069e+17
727 1.44068e+17
728 1.44066e+17
729 1.44063e+17
730 1.44058e+17
731 1.44044e+17
732 1.44032e+17
733 1.4402e+17
734 1.44013e+17
735 1.44013e+17
736 1.44013e+17
737 1.44013e+17
738 1.44013e+17
739 1.44013e+17
740 1.44013e+17
741 1.44013e+17
742 1.44013e+17
743 1.44013e+17
744 1.44013e+17
745 1.44013e+17
746 1.44013e+17
747 1.44013e+17
748 1.44013e+17
749 1.44013e+17
750 1.44012e+17
751 1.44012e+17
752 1.44012e+17
753 1.44012e+17
754 1.44012e+17
755 1.44011e+17
756 1.44011e+17
757 1.44009e+17
758 1.44008e+17
759 1.44008e+17
760 1.44008e+17
761 1.44008e+17
762 1.44008e+17
763 1.44008e+17
764 1.44007e+17
765 1.44005e+17
766 1.44002e+17
767 1.43999e+17
768 1.43993e+17
769 1.43988e+17
770 1.43985e+17
771 1.43984e+17
772 1.43983e+17
773 1.43982e+17
774 1.43981e+17
775 1.43977e+17
776 1.43968e+17
777 1.43954e+17
778 1.43925e+17
779 1.43884e+17
780 1.43786e+17
781 1.43665e+17
782 1.43465e+17
783 1.43178e+17
784 1.43178e+17
785 1.43178e+17
786 1.43178e+17
787 1.43178e+17
788 1.43178e+17
789 1.43178e+17
790 1.43178e+17
791 1.43178e+17
792 1.43178e+17
793 1.43177e+17
794 1.43175e+17
795 1.43173e+17
796 1.43173e+17
797 1.43168e+17
798 1.43148e+17
799 1.43115e+17
800 1.43095e+17
801 1.43088e+17
802 1.43088e+17
803 1.43079e+17
804 1.43069e+17
805 1.43067e+17
806 1.43028e+17
807 1.43018e+17
808 1.43017e+17
809 1.43016e+17
810 1.43016e+17
811 1.43016e+17
812 1.43012e+17
813 1.43012e+17
814 1.43003e+17
815 1.42924e+17
816 1.42869e+17
817 1.42769e+17
818 1.42479e+17
819 1.42361e+17
820 1.42311e+17
821 1.42263e+17
822 1.42257e+17
823 1.42251e+17
824 1.42156e+17
825 1.41837e+17
826 1.41815e+17
827 1.41807e+17
828 1.41745e+17
829 1.41457e+17
830 1.41107e+17
831 1.40587e+17
832 1.40278e+17
833 1.40278e+17
834 1.40278e+17
835 1.40278e+17
836 1.40278e+17
837 1.40278e+17
838 1.40278e+17
839 1.40278e+17
840 1.40278e+17
841 1.40278e+17
842 1.40277e+17
843 1.40277e+17
844 1.40277e+17
845 1.40277e+17
846 1.40276e+17
847 1.40274e+17
848 1.40268e+17
849 1.40267e+17
850 1.40266e+17
851 1.40265e+17
852 1.40256e+17
853 1.40233e+17
854 1.40206e+17
855 1.40172e+17
856 1.40155e+17
857 1.40151e+17
858 1.40151e+17
859 1.4015e+17
860 1.40147e+17
861 1.40145e+17
862 1.40144e+17
863 1.40143e+17
864 1.40119e+17
865 1.40113e+17
866 1.40113e+17
867 1.40104e+17
868 1.40102e+17
869 1.40102e+17
870 1.40102e+17
871 1.40099e+17
872 1.40094e+17
873 1.40084e+17
874 1.40057e+17
875 1.4002e+17
876 1.39956e+17
877 1.39828e+17
878 1.3975e+17
879 1.39722e+17
880 1.39722e+17
881 1.39721e+17
882 1.39721e+17
883 1.39721e+17
884 1.39721e+17
885 1.39721e+17
886 1.39721e+17
887 1.39721e+17
888 1.39721e+17
889 1.39721e+17
890 1.39721e+17
891 1.39721e+17
892 1.39721e+17
893 1.39721e+17
894 1.39721e+17
895 1.39721e+17
896 1.39721e+17
897 1.39721e+17
898 1.39721e+17
899 1.39721e+17
900 1.39721e+17
901 1.39721e+17
902 1.39721e+17
903 1.39721e+17
904 1.3972e+17
905 1.39718e+17
906 1.39715e+17
907 1.39709e+17
908 1.39695e+17
909 1.39688e+17
910 1.39687e+17
911 1.39687e+17
912 1.39686e+17
913 1.39677e+17
914 1.39667e+17
915 1.39662e+17
916 1.39661e+17
917 1.39661e+17
918 1.39661e+17
919 1.39661e+17
920 1.3966e+17
921 1.39659e+17
922 1.39655e+17
923 1.39651e+17
924 1.39648e+17
925 1.39648e+17
926 1.39637e+17
927 1.39624e+17
928 1.39607e+17
929 1.39586e+17
930 1.39544e+17
931 1.39544e+17
932 1.39544e+17
933 1.39544e+17
934 1.39544e+17
935 1.39544e+17
936 1.39544e+17
937 1.39544e+17
938 1.39544e+17
939 1.39544e+17
940 1.39544e+17
941 1.39544e+17
942 1.39544e+17
943 1.39544e+17
944 1.39544e+17
945 1.39544e+17
946 1.39544e+17
947 1.39544e+17
948 1.39544e+17
949 1.39544e+17
950 1.39543e+17
951 1.39541e+17
952 1.39539e+17
953 1.39535e+17
954 1.39534e+17
955 1.39534e+17
956 1.39534e+17
957 1.39533e+17
958 1.39533e+17
959 1.39532e+17
960 1.39532e+17
961 1.39532e+17
962 1.39532e+17
963 1.39531e+17
964 1.39531e+17
965 1.39531e+17
966 1.39531e+17
967 1.39531e+17
968 1.3953e+17
969 1.39526e+17
970 1.39524e+17
971 1.39524e+17
972 1.39521e+17
973 1.39505e+17
974 1.39485e+17
975 1.39452e+17
976 1.39417e+17
977 1.39411e+17
978 1.3941e+17
979 1.3941e+17
980 1.3941e+17
981 1.3941e+17
982 1.3941e+17
983 1.3941e+17
984 1.3941e+17
985 1.3941e+17
986 1.3941e+17
987 1.3941e+17
988 1.3941e+17
989 1.3941e+17
990 1.3941e+17
991 1.3941e+17
992 1.3941e+17
993 1.3941e+17
994 1.3941e+17
995 1.3941e+17
996 1.3941e+17
997 1.3941e+17
998 1.3941e+17
999 1.3941e+17
1000 1.3941e+17
1001 1.3941e+17
1002 1.39409e+17
1003 1.39407e+17
1004 1.39405e+17
1005 1.39402e+17
1006 1.39397e+17
1007 1.39394e+17
1008 1.39394e+17
1009 1.39393e+17
1010 1.39391e+17
1011 1.39385e+17
1012 1.39378e+17
1013 1.39372e+17
1014 1.39366e+17
1015 1.39364e+17
1016 1.39361e+17
1017 1.3936e+17
1018 1.39359e+17
1019 1.39357e+17
1020 1.39357e+17
