0 8.80942e+11
1 8.80942e+11
2 8.80942e+11
3 8.80942e+11
4 8.80942e+11
5 8.80942e+11
6 8.80942e+11
7 8.80942e+11
8 8.80942e+11
9 8.80942e+11
10 8.80942e+11
11 8.80942e+11
12 8.80942e+11
13 8.80942e+11
14 8.80941e+11
15 8.80941e+11
16 8.80941e+11
17 8.80941e+11
18 8.80941e+11
19 8.80941e+11
20 8.80941e+11
21 8.8094e+11
22 8.80939e+11
23 8.80938e+11
24 8.80935e+11
25 8.80933e+11
26 8.8093e+11
27 8.80926e+11
28 8.80923e+11
29 8.80921e+11
30 8.8092e+11
31 8.80919e+11
32 8.80918e+11
33 8.80918e+11
34 8.80917e+11
35 8.80917e+11
36 8.80916e+11
37 8.80915e+11
38 8.80912e+11
39 8.80909e+11
40 8.80906e+11
41 8.80903e+11
42 8.80901e+11
43 8.809e+11
44 8.80899e+11
45 8.80896e+11
46 8.80896e+11
47 8.80895e+11
48 8.80895e+11
49 8.80895e+11
50 8.80895e+11
51 8.80895e+11
52 8.80895e+11
53 8.80895e+11
54 8.80895e+11
55 8.80895e+11
56 8.80895e+11
57 8.80895e+11
58 8.80895e+11
59 8.80895e+11
60 8.80895e+11
61 8.80895e+11
62 8.80895e+11
63 8.80895e+11
64 8.80895e+11
65 8.80895e+11
66 8.80895e+11
67 8.80895e+11
68 8.80895e+11
69 8.80895e+11
70 8.80895e+11
71 8.80895e+11
72 8.80895e+11
73 8.80895e+11
74 8.80895e+11
75 8.80895e+11
76 8.80895e+11
77 8.80895e+11
78 8.80895e+11
79 8.80895e+11
80 8.80895e+11
81 8.80895e+11
82 8.80895e+11
83 8.80895e+11
84 8.80895e+11
85 8.80895e+11
86 8.80895e+11
87 8.80895e+11
88 8.80895e+11
89 8.80895e+11
90 8.80895e+11
91 8.80895e+11
92 8.80895e+11
93 8.80895e+11
94 8.80895e+11
95 8.80895e+11
96 8.80895e+11
97 8.80895e+11
98 8.80895e+11
99 8.80895e+11
100 8.80895e+11
101 8.80895e+11
102 8.80895e+11
103 8.80895e+11
104 8.80895e+11
105 8.80895e+11
106 8.80895e+11
107 8.80895e+11
108 8.80895e+11
109 8.80895e+11
110 8.80895e+11
111 8.80895e+11
112 8.80895e+11
113 8.80895e+11
114 8.80895e+11
115 8.80895e+11
116 8.80895e+11
117 8.80895e+11
118 8.80895e+11
119 8.80895e+11
120 8.80895e+11
121 8.80895e+11
122 8.80895e+11
123 8.80895e+11
124 8.80895e+11
125 8.80895e+11
126 8.80895e+11
127 8.80895e+11
128 8.80895e+11
129 8.80895e+11
130 8.80895e+11
131 8.80895e+11
132 8.80895e+11
133 8.80895e+11
134 8.80895e+11
135 8.80895e+11
136 8.80895e+11
137 8.80895e+11
138 8.80895e+11
139 8.80895e+11
140 8.80895e+11
141 8.80895e+11
142 8.80895e+11
143 8.80895e+11
144 8.80895e+11
145 8.80895e+11
146 8.80895e+11
147 8.80895e+11
148 8.80895e+11
149 8.80895e+11
150 8.80895e+11
151 8.80895e+11
152 8.80895e+11
153 8.80895e+11
154 8.80895e+11
155 8.80895e+11
156 8.80895e+11
157 8.80895e+11
158 8.80895e+11
159 8.80895e+11
160 8.80895e+11
161 8.80895e+11
162 8.80895e+11
163 8.80895e+11
164 8.80895e+11
165 8.80895e+11
166 8.80895e+11
167 8.80895e+11
168 8.80895e+11
169 8.80895e+11
170 8.80895e+11
171 8.80895e+11
172 8.80895e+11
173 8.80895e+11
174 8.80895e+11
175 8.80895e+11
176 8.80895e+11
177 8.80895e+11
178 8.80895e+11
179 8.80895e+11
180 8.80895e+11
181 8.80895e+11
182 8.80895e+11
183 8.80895e+11
184 8.80895e+11
185 8.80895e+11
186 8.80895e+11
187 8.80895e+11
188 8.80895e+11
189 8.80895e+11
190 8.80895e+11
191 8.80895e+11
192 8.80895e+11
193 8.80895e+11
194 8.80895e+11
195 8.80895e+11
196 8.80895e+11
197 8.80895e+11
198 8.80895e+11
199 8.80895e+11
200 8.80895e+11
201 8.80895e+11
202 8.80895e+11
203 8.80895e+11
204 8.80895e+11

0 8.80895e+11
1 8.80895e+11
2 8.80895e+11
3 8.80895e+11
4 8.80895e+11
5 8.80894e+11
6 8.80894e+11
7 8.80894e+11
8 8.80893e+11
9 8.80893e+11
10 8.80893e+11
11 8.80893e+11
12 8.80893e+11
13 8.80893e+11
14 8.80893e+11
15 8.80893e+11
16 8.80893e+11
17 8.80893e+11
18 8.80893e+11
19 8.80892e+11
20 8.80891e+11
21 8.80889e+11
22 8.80875e+11
23 8.80862e+11
24 8.8083e+11
25 8.80765e+11
26 8.80739e+11
27 8.80674e+11
28 8.80636e+11
29 8.80575e+11
30 8.80526e+11
31 8.80505e+11
32 8.805e+11
33 8.80494e+11
34 8.80493e+11
35 8.80487e+11
36 8.80473e+11
37 8.80419e+11
38 8.80122e+11
39 8.79746e+11
40 8.78293e+11
41 8.75886e+11
42 8.71664e+11
43 8.62552e+11
44 8.2819e+11
45 7.85818e+11
46 6.58444e+11
47 4.71925e+11
48 3.5108e+11
49 2.70025e+11
50 2.70025e+11
51 2.70025e+11
52 2.70025e+11
53 2.70025e+11
54 2.70025e+11
55 2.70024e+11
56 2.70023e+11
57 2.7002e+11
58 2.7002e+11
59 2.6992e+11
60 2.69885e+11
61 2.69688e+11
62 2.69652e+11
63 2.69423e+11
64 2.6849e+11
65 2.68429e+11
66 2.68399e+11
67 2.67631e+11
68 2.66926e+11
69 2.65473e+11
70 2.65259e+11
71 2.63642e+11
72 2.63608e+11
73 2.61117e+11
74 2.61116e+11
75 2.60793e+11
76 2.60738e+11
77 2.60565e+11
78 2.57063e+11
79 2.5433e+11
80 2.5433e+11
81 2.533e+11
82 2.49835e+11
83 2.49609e+11
84 2.45876e+11
85 2.45029e+11
86 2.44065e+11
87 2.42594e+11
88 2.40312e+11
89 2.40155e+11
90 2.35977e+11
91 2.35192e+11
92 2.2515e+11
93 2.16193e+11
94 1.97379e+11
95 1.91049e+11
96 1.71342e+11
97 1.55639e+11
98 1.54647e+11
99 1.51053e+11
100 1.51053e+11
101 1.51053e+11
102 1.51053e+11
103 1.51053e+11
104 1.51053e+11
105 1.51053e+11
106 1.51053e+11
107 1.51051e+11
108 1.51051e+11
109 1.5105e+11
110 1.51048e+11
111 1.51039e+11
112 1.51028e+11
113 1.51026e+11
114 1.50991e+11
115 1.50942e+11
116 1.50928e+11
117 1.50918e+11
118 1.50915e+11
119 1.50908e+11
120 1.50889e+11
121 1.50866e+11
122 1.50856e+11
123 1.50234e+11
124 1.49903e+11
125 1.49841e+11
126 1.49834e+11
127 1.49741e+11
128 1.49724e+11
129 1.49635e+11
130 1.49273e+11
131 1.49014e+11
132 1.48991e+11
133 1.4899e+11
134 1.46987e+11
135 1.4697e+11
136 1.45235e+11
137 1.44998e+11
138 1.44774e+11
139 1.44282e+11
140 1.44077e+11
141 1.44074e+11
142 1.44017e+11
143 1.43681e+11
144 1.43363e+11
145 1.42112e+11
146 1.39413e+11
147 1.39346e+11
148 1.39116e+11
149 1.38312e+11
150 1.38312e+11
151 1.38312e+11
152 1.38312e+11
153 1.38312e+11
154 1.38312e+11
155 1.38312e+11
156 1.38312e+11
157 1.38311e+11
158 1.38309e+11
159 1.38309e+11
160 1.38308e+11
161 1.38308e+11
162 1.38305e+11
163 1.38302e+11
164 1.383e+11
165 1.38297e+11
166 1.38292e+11
167 1.3828e+11
168 1.3828e+11
169 1.38272e+11
170 1.38261e+11
171 1.38261e+11
172 1.38092e+11
173 1.37953e+11
174 1.37949e+11
175 1.37827e+11
176 1.3782e+11
177 1.37745e+11
178 1.37735e+11
179 1.36932e+11
180 1.36875e+11
181 1.36581e+11
182 1.36342e+11
183 1.36156e+11
184 1.35766e+11
185 1.35657e+11
186 1.356e+11
187 1.3454e+11
188 1.34286e+11
189 1.34192e+11
190 1.33766e+11
191 1.33603e+11
192 1.33599e+11
193 1.33599e+11
194 1.33431e+11
195 1.33286e+11
196 1.33284e+11
197 1.33269e+11
198 1.31658e+11
199 1.31522e+11
200 1.31522e+11
201 1.31522e+11
202 1.31522e+11
203 1.31522e+11
204 1.31522e+11
205 1.31522e+11
206 1.31521e+11
207 1.31511e+11
208 1.3151e+11
209 1.31495e+11
210 1.31494e+11
211 1.31485e+11
212 1.31477e+11
213 1.31476e+11
214 1.31448e+11
215 1.31428e+11
216 1.31395e+11
217 1.31354e+11
218 1.31251e+11
219 1.31251e+11
220 1.31167e+11
221 1.31143e+11
222 1.31132e+11
223 1.31039e+11
224 1.31003e+11
225 1.31003e+11
226 1.30998e+11
227 1.30955e+11
228 1.30941e+11
229 1.30826e+11
230 1.30813e+11
231 1.30801e+11
232 1.308e+11
233 1.30798e+11
234 1.30797e+11
235 1.30769e+11
236 1.30674e+11
237 1.30666e+11
238 1.30323e+11
239 1.30316e+11
240 1.30198e+11
241 1.29539e+11
242 1.29094e+11
243 1.29089e+11
244 1.28099e+11
245 1.26478e+11
246 1.25682e+11
247 1.25645e+11
248 1.25001e+11
249 1.24257e+11
250 1.24257e+11
251 1.24257e+11
252 1.24257e+11
253 1.24257e+11
254 1.24257e+11
255 1.24257e+11
256 1.24256e+11
257 1.24251e+11
258 1.24251e+11
259 1.24238e+11
260 1.24224e+11
261 1.24219e+11
262 1.24218e+11
263 1.24203e+11
264 1.24199e+11
265 1.24199e+11
266 1.24185e+11
267 1.24082e+11
268 1.2408e+11
269 1.2408e+11
270 1.24039e+11
271 1.23982e+11
272 1.23979e+11
273 1.23792e+11
274 1.23632e+11
275 1.23607e+11
276 1.23514e+11
277 1.2351e+11
278 1.23508e+11
279 1.23508e+11
280 1.23332e+11
281 1.23327e+11
282 1.23291e+11
283 1.23202e+11
284 1.2249e+11
285 1.21993e+11
286 1.21143e+11
287 1.21123e+11
288 1.20254e+11
289 1.20136e+11
290 1.20095e+11
291 1.20039e+11
292 1.19156e+11
293 1.18979e+11
294 1.18765e+11
295 1.1861e+11
296 1.18521e+11
297 1.15946e+11
298 1.12703e+11
299 1.12083e+11
300 1.12083e+11
301 1.12083e+11
302 1.12083e+11
303 1.12083e+11
304 1.12083e+11
305 1.12083e+11
306 1.12083e+11
307 1.12082e+11
308 1.1208e+11
309 1.1208e+11
310 1.1208e+11
311 1.1208e+11
312 1.1208e+11
313 1.11993e+11
314 1.11922e+11
315 1.11907e+11
316 1.11872e+11
317 1.11852e+11
318 1.11826e+11
319 1.11825e+11
320 1.11822e+11
321 1.11803e+11
322 1.11792e+11
323 1.11682e+11
324 1.11024e+11
325 1.10675e+11
326 1.10628e+11
327 1.10479e+11
328 1.10398e+11
329 1.10266e+11
330 1.10254e+11
331 1.09946e+11
332 1.09725e+11
333 1.09355e+11
334 1.09323e+11
335 1.09258e+11
336 1.09254e+11
337 1.09207e+11
338 1.09194e+11
339 1.09193e+11
340 1.0913e+11
341 1.09119e+11
342 1.09119e+11
343 1.09077e+11
344 1.09076e+11
345 1.08767e+11
346 1.0871e+11
347 1.08585e+11
348 1.08546e+11
349 1.0854e+11
350 1.0854e+11
351 1.0854e+11
352 1.0854e+11
353 1.0854e+11
354 1.0854e+11
355 1.0854e+11
356 1.0854e+11
357 1.0854e+11
358 1.08538e+11
359 1.08538e+11
360 1.08538e+11
361 1.08535e+11
362 1.08534e+11
363 1.08528e+11
364 1.08524e+11
365 1.08496e+11
366 1.08485e+11
367 1.08465e+11
368 1.08463e+11
369 1.08418e+11
370 1.08415e+11
371 1.08415e+11
372 1.08355e+11
373 1.08352e+11
374 1.08352e+11
375 1.08343e+11
376 1.07891e+11
377 1.07863e+11
378 1.07853e+11
379 1.07835e+11
380 1.0779e+11
381 1.0776e+11
382 1.07621e+11
383 1.07257e+11
384 1.0708e+11
385 1.07062e+11
386 1.07009e+11
387 1.07e+11
388 1.06852e+11
389 1.06474e+11
390 1.05777e+11
391 1.053e+11
392 1.03234e+11
393 1.03048e+11
394 1.03021e+11
395 1.02903e+11
396 1.02892e+11
397 1.02818e+11
398 1.02814e+11
399 1.0278e+11
400 1.0278e+11
401 1.0278e+11
402 1.0278e+11
403 1.0278e+11
404 1.0278e+11
405 1.0278e+11
406 1.0278e+11
407 1.0278e+11
408 1.0278e+11
409 1.0278e+11
410 1.02777e+11
411 1.02777e+11
412 1.02777e+11
413 1.02768e+11
414 1.02768e+11
415 1.02765e+11
416 1.02756e+11
417 1.02734e+11
418 1.02734e+11
419 1.02717e+11
420 1.02693e+11
421 1.0269e+11
422 1.02689e+11
423 1.02649e+11
424 1.02643e+11
425 1.02637e+11
426 1.02628e+11
427 1.02567e+11
428 1.02564e+11
429 1.0246e+11
430 1.02455e+11
431 1.02452e+11
432 1.02367e+11
433 1.02334e+11
434 1.02224e+11
435 1.02224e+11
436 1.02166e+11
437 1.02159e+11
438 1.02053e+11
439 1.02034e+11
440 1.0192e+11
441 1.01616e+11
442 1.01593e+11
443 1.0148e+11
444 1.01446e+11
445 1.01378e+11
446 1.01378e+11
447 1.00887e+11
448 1.00876e+11
449 1.00668e+11
450 1.00668e+11
451 1.00668e+11
452 1.00668e+11
453 1.00668e+11
454 1.00668e+11
455 1.00668e+11
456 1.00668e+11
457 1.00668e+11
458 1.00668e+11
459 1.00668e+11
460 1.00668e+11
461 1.00668e+11
462 1.00668e+11
463 1.00667e+11
464 1.00667e+11
465 1.00659e+11
466 1.00659e+11
467 1.00641e+11
468 1.00641e+11
469 1.00638e+11
470 1.00632e+11
471 1.00606e+11
472 1.00601e+11
473 1.006e+11
474 1.00596e+11
475 1.00594e+11
476 1.00593e+11
477 1.00591e+11
478 1.00585e+11
479 1.00584e+11
480 1.00584e+11
481 1.00542e+11
482 1.00524e+11
483 1.00413e+11
484 1.00397e+11
485 1.00358e+11
486 1.00029e+11
487 9.99473e+10
488 9.98451e+10
489 9.97316e+10
490 9.97277e+10
491 9.97269e+10
492 9.96916e+10
493 9.96709e+10
494 9.75657e+10
495 9.69766e+10
496 9.69303e+10
497 9.67156e+10
498 9.51988e+10
499 9.22296e+10
500 9.22296e+10
501 9.22296e+10
502 9.22296e+10
503 9.22296e+10
504 9.22296e+10
505 9.22296e+10
506 9.22296e+10
507 9.22293e+10
508 9.22277e+10
509 9.22276e+10
510 9.22273e+10
511 9.22264e+10
512 9.2225e+10
513 9.22233e+10
514 9.2205e+10
515 9.21873e+10
516 9.21861e+10
517 9.21419e+10
518 9.21037e+10
519 9.20058e+10
520 9.19966e+10
521 9.19916e+10
522 9.18419e+10
523 9.18397e+10
524 9.18175e+10
525 9.17872e+10
526 9.16876e+10
527 9.16834e+10
528 9.164e+10
529 9.16387e+10
530 9.13346e+10
531 9.13202e+10
532 9.12148e+10
533 9.11726e+10
534 9.10737e+10
535 9.0662e+10
536 9.05725e+10
537 9.04938e+10
538 9.01087e+10
539 9.01035e+10
540 8.99564e+10
541 8.99115e+10
542 8.98687e+10
543 8.98565e+10
544 8.98071e+10
545 8.98003e+10
546 8.97913e+10
547 8.95122e+10
548 8.79951e+10
549 8.01465e+10
550 8.01465e+10
551 8.01465e+10
552 8.01465e+10
553 8.01465e+10
554 8.01465e+10
555 8.01465e+10
556 8.01464e+10
557 8.0144e+10
558 8.01427e+10
559 8.01381e+10
560 8.01379e+10
561 8.01379e+10
562 8.01369e+10
563 8.01319e+10
564 8.01292e+10
565 8.0127e+10
566 8.01262e+10
567 8.01192e+10
568 8.01161e+10
569 7.98717e+10
570 7.9847e+10
571 7.97849e+10
572 7.97847e+10
573 7.97669e+10
574 7.94056e+10
575 7.93556e+10
576 7.88485e+10
577 7.88461e+10
578 7.8806e+10
579 7.8182e+10
580 7.81434e+10
581 7.81434e+10
582 7.81434e+10
583 7.76713e+10
584 7.73327e+10
585 7.73296e+10
586 7.71004e+10
587 7.70808e+10
588 7.70802e+10
589 7.708e+10
590 7.70767e+10
591 7.70493e+10
592 7.69263e+10
593 7.69259e+10
594 7.67294e+10
595 7.65358e+10
596 7.65353e+10
597 7.65316e+10
598 7.64516e+10
599 7.64355e+10
600 7.64355e+10
601 7.64355e+10
602 7.64355e+10
603 7.64355e+10
604 7.64355e+10
605 7.64355e+10
606 7.64355e+10
607 7.64339e+10
608 7.64338e+10
609 7.64304e+10
610 7.64294e+10
611 7.64293e+10
612 7.64251e+10
613 7.6422e+10
614 7.64172e+10
615 7.6417e+10
616 7.63722e+10
617 7.63625e+10
618 7.63368e+10
619 7.63165e+10
620 7.63157e+10
621 7.62642e+10
622 7.6257e+10
623 7.6257e+10
624 7.62429e+10
625 7.62426e+10
626 7.62238e+10
627 7.62237e+10
628 7.62181e+10
629 7.619e+10
630 7.59916e+10
631 7.59915e+10
632 7.59105e+10
633 7.59095e+10
634 7.58466e+10
635 7.55625e+10
636 7.54686e+10
637 7.51896e+10
638 7.5141e+10
639 7.50838e+10
640 7.50659e+10
641 7.48594e+10
642 7.48592e+10
643 7.48515e+10
644 7.48515e+10
645 7.48434e+10
646 7.48207e+10
647 7.2872e+10
648 7.21244e+10
649 7.09068e+10
650 7.09068e+10
651 7.09068e+10
652 7.09068e+10
653 7.09068e+10
654 7.09068e+10
655 7.09068e+10
656 7.09068e+10
657 7.09058e+10
658 7.09029e+10
659 7.09e+10
660 7.0899e+10
661 7.0891e+10
662 7.08868e+10
663 7.08724e+10
664 7.0844e+10
665 7.08016e+10
666 7.08007e+10
667 7.08006e+10
668 7.07477e+10
669 7.07458e+10
670 7.07449e+10
671 7.07256e+10
672 7.07253e+10
673 7.07107e+10
674 7.07099e+10
675 7.05602e+10
676 7.05251e+10
677 7.05249e+10
678 7.05228e+10
679 7.04894e+10
680 7.04866e+10
681 7.04859e+10
682 7.04753e+10
683 7.02897e+10
684 7.0261e+10
685 7.02258e+10
686 7.01816e+10
687 7.01226e+10
688 6.98736e+10
689 6.98549e+10
690 6.98399e+10
691 6.92385e+10
692 6.92283e+10
693 6.90217e+10
694 6.90211e+10
695 6.85625e+10
696 6.8162e+10
697 6.64189e+10
698 6.41097e+10
699 6.06694e+10
700 6.06694e+10
701 6.06694e+10
702 6.06694e+10
703 6.06694e+10
704 6.06694e+10
705 6.06694e+10
706 6.06694e+10
707 6.06682e+10
708 6.06682e+10
709 6.06682e+10
710 6.06681e+10
711 6.06671e+10
712 6.06668e+10
713 6.06662e+10
714 6.06597e+10
715 6.06588e+10
716 6.06485e+10
717 6.06329e+10
718 6.06323e+10
719 6.06273e+10
720 6.05869e+10
721 6.00793e+10
722 6.00793e+10
723 6.00441e+10
724 5.98477e+10
725 5.97905e+10
726 5.97732e+10
727 5.97453e+10
728 5.97089e+10
729 5.9505e+10
730 5.94987e+10
731 5.9459e+10
732 5.94321e+10
733 5.94278e+10
734 5.94278e+10
735 5.93797e+10
736 5.91799e+10
737 5.84374e+10
738 5.83091e+10
739 5.82834e+10
740 5.81963e+10
741 5.79258e+10
742 5.78716e+10
743 5.78647e+10
744 5.78288e+10
745 5.77458e+10
746 5.76879e+10
747 5.67159e+10
748 5.66392e+10
749 5.63192e+10
750 5.63192e+10
751 5.63192e+10
752 5.63192e+10
753 5.63192e+10
754 5.63192e+10
755 5.63192e+10
756 5.63192e+10
757 5.63191e+10
758 5.63185e+10
759 5.63185e+10
760 5.63166e+10
761 5.63101e+10
762 5.63087e+10
763 5.63087e+10
764 5.63086e+10
765 5.6307e+10
766 5.63047e+10
767 5.62874e+10
768 5.62872e+10
769 5.6281e+10
770 5.62624e+10
771 5.62511e+10
772 5.62323e+10
773 5.62318e+10
774 5.62318e+10
775 5.62318e+10
776 5.61538e+10
777 5.61522e+10
778 5.60928e+10
779 5.59557e+10
780 5.59161e+10
781 5.59125e+10
782 5.56013e+10
783 5.55222e+10
784 5.551e+10
785 5.55029e+10
786 5.54557e+10
787 5.54407e+10
788 5.52235e+10
789 5.52229e+10
790 5.50905e+10
791 5.49116e+10
792 5.48909e+10
793 5.46649e+10
794 5.46595e+10
795 5.45717e+10
796 5.45239e+10
797 5.44775e+10
798 5.44626e+10
799 5.4457e+10
800 5.4457e+10
801 5.4457e+10
802 5.4457e+10
803 5.4457e+10
804 5.4457e+10
805 5.4457e+10
806 5.4457e+10
807 5.44564e+10
808 5.44563e+10
809 5.44558e+10
810 5.44546e+10
811 5.4454e+10
812 5.4454e+10
813 5.44517e+10
814 5.44516e+10
815 5.44498e+10
816 5.44412e+10
817 5.44407e+10
818 5.4436e+10
819 5.44303e+10
820 5.44255e+10
821 5.44149e+10
822 5.43983e+10
823 5.43067e+10
824 5.43045e+10
825 5.43045e+10
826 5.42686e+10
827 5.42498e+10
828 5.42464e+10
829 5.42448e+10
830 5.42441e+10
831 5.41636e+10
832 5.41335e+10
833 5.41061e+10
834 5.40789e+10
835 5.38131e+10
836 5.38119e+10
837 5.36938e+10
838 5.35825e+10
839 5.34401e+10
840 5.28502e+10
841 5.27818e+10
842 5.2629e+10
843 5.25549e+10
844 5.25383e+10
845 5.25214e+10
846 5.22916e+10
847 5.21948e+10
848 5.20889e+10
849 5.11101e+10
850 5.11101e+10
851 5.11101e+10
852 5.11101e+10
853 5.11101e+10
854 5.11101e+10
855 5.11101e+10
856 5.11101e+10
857 5.11101e+10
858 5.11099e+10
859 5.11099e+10
860 5.11098e+10
861 5.11007e+10
862 5.11007e+10
863 5.11007e+10
864 5.10882e+10
865 5.10874e+10
866 5.10766e+10
867 5.10764e+10
868 5.10761e+10
869 5.10759e+10
870 5.10759e+10
871 5.10724e+10
872 5.10687e+10
873 5.10308e+10
874 5.09775e+10
875 5.09764e+10
876 5.09761e+10
877 5.09736e+10
878 5.0964e+10
879 5.08583e+10
880 5.08287e+10
881 5.08244e+10
882 5.08242e+10
883 5.07046e+10
884 5.06918e+10
885 5.06549e+10
886 5.05622e+10
887 5.04704e+10
888 5.04439e+10
889 5.04239e+10
890 5.03917e+10
891 5.03727e+10
892 5.01978e+10
893 5.01868e+10
894 5.01311e+10
895 5.01016e+10
896 4.97946e+10
897 4.97667e+10
898 4.82391e+10
899 4.53963e+10
900 4.53963e+10
901 4.53963e+10
902 4.53963e+10
903 4.53963e+10
904 4.53962e+10
905 4.53961e+10
906 4.53956e+10
907 4.53909e+10
908 4.53739e+10
909 4.53619e+10
910 4.53584e+10
911 4.53316e+10
912 4.53188e+10
913 4.53169e+10
914 4.52827e+10
915 4.52809e+10
916 4.527e+10
917 4.52478e+10
918 4.5247e+10
919 4.52218e+10
920 4.52179e+10
921 4.52175e+10
922 4.51961e+10
923 4.50744e+10
924 4.50739e+10
925 4.49732e+10
926 4.49381e+10
927 4.47124e+10
928 4.46759e+10
929 4.46405e+10
930 4.46359e+10
931 4.40943e+10
932 4.3612e+10
933 4.32082e+10
934 4.29967e+10
935 4.28581e+10
936 4.27696e+10
937 4.26431e+10
938 4.262e+10
939 4.23337e+10
940 4.23259e+10
941 4.15045e+10
942 4.1368e+10
943 4.11895e+10
944 4.10547e+10
945 4.10129e+10
946 4.09046e+10
947 4.08814e+10
948 4.01225e+10
949 3.94375e+10
950 3.94375e+10
951 3.94375e+10
952 3.94375e+10
953 3.94375e+10
954 3.94375e+10
955 3.94375e+10
956 3.94374e+10
957 3.94373e+10
958 3.94373e+10
959 3.94372e+10
960 3.94347e+10
961 3.94246e+10
962 3.94199e+10
963 3.94181e+10
964 3.94106e+10
965 3.94091e+10
966 3.94083e+10
967 3.94012e+10
968 3.93997e+10
969 3.93917e+10
970 3.93875e+10
971 3.93439e+10
972 3.92034e+10
973 3.90548e+10
974 3.90538e+10
975 3.89798e+10
976 3.89627e+10
977 3.88876e+10
978 3.88792e+10
979 3.87561e+10
980 3.87054e+10
981 3.87002e+10
982 3.86609e+10
983 3.85068e+10
984 3.84566e+10
985 3.84565e+10
986 3.84326e+10
987 3.83765e+10
988 3.83444e+10
989 3.82751e+10
990 3.82536e+10
991 3.82532e+10
992 3.79643e+10
993 3.78799e+10
994 3.7428e+10
995 3.7428e+10
996 3.74226e+10
997 3.74159e+10
998 3.71621e+10
999 3.69526e+10
1000 3.69526e+10
1001 3.69526e+10
1002 3.69526e+10
1003 3.69526e+10
1004 3.69526e+10
1005 3.69526e+10
1006 3.69526e+10
1007 3.69524e+10
1008 3.69524e+10
1009 3.69521e+10
1010 3.69521e+10
1011 3.69519e+10
1012 3.69517e+10
1013 3.69459e+10
1014 3.69459e+10
1015 3.69456e+10
1016 3.69433e+10
1017 3.69407e+10
1018 3.6925e+10
1019 3.69247e+10
1020 3.69147e+10
