0 4.6062e+10
1 4.6062e+10
2 4.6062e+10
3 4.60619e+10
4 4.60618e+10
5 4.60618e+10
6 4.60618e+10
7 4.60618e+10
8 4.60618e+10
9 4.60618e+10
10 4.60617e+10
11 4.60616e+10
12 4.60616e+10
13 4.60614e+10
14 4.60614e+10
15 4.60614e+10
16 4.60612e+10
17 4.60607e+10
18 4.60603e+10
19 4.60594e+10
20 4.60587e+10
21 4.6058e+10
22 4.60577e+10
23 4.60574e+10
24 4.60573e+10
25 4.6057e+10
26 4.60568e+10
27 4.60562e+10
28 4.60555e+10
29 4.60548e+10
30 4.60541e+10
31 4.60523e+10
32 4.60492e+10
33 4.60416e+10
34 4.60288e+10
35 4.60146e+10
36 4.6e+10
37 4.59776e+10
38 4.59435e+10
39 4.59067e+10
40 4.58739e+10
41 4.58591e+10
42 4.58334e+10
43 4.57958e+10
44 4.57511e+10
45 4.57231e+10
46 4.5713e+10
47 4.571e+10
48 4.57086e+10
49 4.57031e+10
50 4.57031e+10
51 4.57031e+10
52 4.57031e+10
53 4.57031e+10
54 4.57031e+10
55 4.57031e+10
56 4.57031e+10
57 4.57031e+10
58 4.57031e+10
59 4.57031e+10
60 4.57031e+10
61 4.57031e+10
62 4.57031e+10
63 4.57031e+10
64 4.57031e+10
65 4.57031e+10
66 4.57031e+10
67 4.57031e+10
68 4.57031e+10
69 4.57031e+10
70 4.57031e+10
71 4.57031e+10
72 4.57031e+10
73 4.57031e+10
74 4.57031e+10
75 4.57031e+10
76 4.57031e+10
77 4.57031e+10
78 4.57031e+10
79 4.57031e+10
80 4.57031e+10
81 4.57031e+10
82 4.57031e+10
83 4.57031e+10
84 4.57031e+10
85 4.57031e+10
86 4.57031e+10
87 4.57031e+10
88 4.57031e+10
89 4.57031e+10
90 4.57031e+10
91 4.57031e+10
92 4.57031e+10
93 4.57031e+10
94 4.57031e+10
95 4.57031e+10
96 4.57031e+10
97 4.57031e+10
98 4.57031e+10
99 4.57031e+10
100 4.57031e+10
101 4.57031e+10
102 4.57031e+10
103 4.57031e+10
104 4.57031e+10
105 4.57031e+10
106 4.57031e+10
107 4.57031e+10
108 4.57031e+10
109 4.57031e+10
110 4.57031e+10
111 4.57031e+10
112 4.57031e+10
113 4.57031e+10
114 4.57031e+10
115 4.57031e+10
116 4.57031e+10
117 4.57031e+10
118 4.57031e+10
119 4.57031e+10
120 4.57031e+10
121 4.57031e+10
122 4.57031e+10
123 4.57031e+10
124 4.57031e+10
125 4.57031e+10
126 4.57031e+10
127 4.57031e+10
128 4.57031e+10
129 4.57031e+10
130 4.57031e+10
131 4.57031e+10
132 4.57031e+10
133 4.57031e+10
134 4.57031e+10
135 4.57031e+10
136 4.57031e+10
137 4.57031e+10
138 4.57031e+10
139 4.57031e+10
140 4.57031e+10
141 4.57031e+10
142 4.57031e+10
143 4.57031e+10
144 4.57031e+10
145 4.57031e+10
146 4.57031e+10
147 4.57031e+10
148 4.57031e+10
149 4.57031e+10
150 4.57031e+10
151 4.57031e+10
152 4.57031e+10
153 4.57031e+10
154 4.57031e+10
155 4.57031e+10
156 4.57031e+10
157 4.57031e+10
158 4.57031e+10
159 4.57031e+10
160 4.57031e+10
161 4.57031e+10
162 4.57031e+10
163 4.57031e+10
164 4.57031e+10
165 4.57031e+10
166 4.57031e+10
167 4.57031e+10
168 4.57031e+10
169 4.57031e+10
170 4.57031e+10
171 4.57031e+10
172 4.57031e+10
173 4.57031e+10
174 4.57031e+10
175 4.57031e+10
176 4.57031e+10
177 4.57031e+10
178 4.57031e+10
179 4.57031e+10
180 4.57031e+10
181 4.57031e+10
182 4.57031e+10
183 4.57031e+10
184 4.57031e+10
185 4.57031e+10
186 4.57031e+10
187 4.57031e+10
188 4.57031e+10
189 4.57031e+10
190 4.57031e+10
191 4.57031e+10
192 4.57031e+10
193 4.57031e+10
194 4.57031e+10
195 4.57031e+10
196 4.57031e+10
197 4.57031e+10
198 4.57031e+10
199 4.57031e+10
200 4.57031e+10
201 4.57031e+10
202 4.57031e+10
203 4.57031e+10
204 4.57031e+10

0 4.57031e+10
1 4.57031e+10
2 4.57031e+10
3 4.5703e+10
4 4.57028e+10
5 4.57023e+10
6 4.57014e+10
7 4.57002e+10
8 4.57002e+10
9 4.57e+10
10 4.56998e+10
11 4.56989e+10
12 4.56981e+10
13 4.56904e+10
14 4.56888e+10
15 4.56885e+10
16 4.56873e+10
17 4.56851e+10
18 4.56848e+10
19 4.56802e+10
20 4.56801e+10
21 4.56764e+10
22 4.56739e+10
23 4.56734e+10
24 4.56667e+10
25 4.56333e+10
26 4.56089e+10
27 4.55816e+10
28 4.55416e+10
29 4.54378e+10
30 4.5338e+10
31 4.51311e+10
32 4.49907e+10
33 4.49129e+10
34 4.47598e+10
35 4.45837e+10
36 4.44137e+10
37 4.41784e+10
38 4.3805e+10
39 4.34586e+10
40 4.30034e+10
41 4.24871e+10
42 4.20528e+10
43 4.16782e+10
44 4.13798e+10
45 4.11852e+10
46 4.05901e+10
47 4.03201e+10
48 4.00822e+10
49 3.98091e+10
50 3.98091e+10
51 3.98091e+10
52 3.98091e+10
53 3.98091e+10
54 3.98091e+10
55 3.98091e+10
56 3.98091e+10
57 3.9809e+10
58 3.98087e+10
59 3.9808e+10
60 3.98063e+10
61 3.98039e+10
62 3.98005e+10
63 3.97962e+10
64 3.97926e+10
65 3.97913e+10
66 3.97885e+10
67 3.97876e+10
68 3.97828e+10
69 3.97786e+10
70 3.97663e+10
71 3.97663e+10
72 3.97657e+10
73 3.97642e+10
74 3.97628e+10
75 3.97605e+10
76 3.97472e+10
77 3.9746e+10
78 3.97428e+10
79 3.97378e+10
80 3.97377e+10
81 3.97278e+10
82 3.97217e+10
83 3.97154e+10
84 3.97151e+10
85 3.97019e+10
86 3.96984e+10
87 3.96879e+10
88 3.96799e+10
89 3.96766e+10
90 3.95908e+10
91 3.95906e+10
92 3.95276e+10
93 3.94953e+10
94 3.94916e+10
95 3.94219e+10
96 3.94179e+10
97 3.93541e+10
98 3.93523e+10
99 3.91847e+10
100 3.91847e+10
101 3.91847e+10
102 3.91847e+10
103 3.91847e+10
104 3.91847e+10
105 3.91847e+10
106 3.91847e+10
107 3.91847e+10
108 3.91847e+10
109 3.91847e+10
110 3.91847e+10
111 3.91845e+10
112 3.91837e+10
113 3.91815e+10
114 3.91785e+10
115 3.91752e+10
116 3.91741e+10
117 3.91738e+10
118 3.91719e+10
119 3.91717e+10
120 3.91717e+10
121 3.91674e+10
122 3.91428e+10
123 3.91264e+10
124 3.9119e+10
125 3.91169e+10
126 3.91156e+10
127 3.9113e+10
128 3.9105e+10
129 3.91049e+10
130 3.91037e+10
131 3.91031e+10
132 3.91031e+10
133 3.90858e+10
134 3.9081e+10
135 3.90583e+10
136 3.90581e+10
137 3.90581e+10
138 3.90462e+10
139 3.9046e+10
140 3.90304e+10
141 3.90221e+10
142 3.90094e+10
143 3.90094e+10
144 3.90019e+10
145 3.90009e+10
146 3.90005e+10
147 3.89167e+10
148 3.8913e+10
149 3.88081e+10
150 3.88081e+10
151 3.88081e+10
152 3.88081e+10
153 3.88081e+10
154 3.88081e+10
155 3.88081e+10
156 3.8808e+10
157 3.8808e+10
158 3.88078e+10
159 3.88076e+10
160 3.88075e+10
161 3.88075e+10
162 3.88067e+10
163 3.88051e+10
164 3.88037e+10
165 3.88025e+10
166 3.88024e+10
167 3.88022e+10
168 3.88013e+10
169 3.88005e+10
170 3.88005e+10
171 3.87995e+10
172 3.87994e+10
173 3.87959e+10
174 3.87956e+10
175 3.87956e+10
176 3.87951e+10
177 3.87946e+10
178 3.87877e+10
179 3.87876e+10
180 3.87796e+10
181 3.8775e+10
182 3.87661e+10
183 3.87639e+10
184 3.87599e+10
185 3.87593e+10
186 3.87564e+10
187 3.87535e+10
188 3.87513e+10
189 3.87373e+10
190 3.87365e+10
191 3.86797e+10
192 3.86792e+10
193 3.8679e+10
194 3.86765e+10
195 3.86706e+10
196 3.86702e+10
197 3.86635e+10
198 3.86633e+10
199 3.86281e+10
200 3.86281e+10
201 3.86281e+10
202 3.86281e+10
203 3.86281e+10
204 3.86281e+10
205 3.86281e+10
206 3.86281e+10
207 3.86281e+10
208 3.86281e+10
209 3.86281e+10
210 3.86281e+10
211 3.86281e+10
212 3.86281e+10
213 3.86281e+10
214 3.8628e+10
215 3.86278e+10
216 3.86278e+10
217 3.86278e+10
218 3.86278e+10
219 3.86277e+10
220 3.86274e+10
221 3.86271e+10
222 3.86265e+10
223 3.86262e+10
224 3.86247e+10
225 3.86233e+10
226 3.86202e+10
227 3.86143e+10
228 3.86138e+10
229 3.86134e+10
230 3.86134e+10
231 3.86134e+10
232 3.86126e+10
233 3.86126e+10
234 3.86116e+10
235 3.86108e+10
236 3.86028e+10
237 3.86011e+10
238 3.85901e+10
239 3.85844e+10
240 3.85843e+10
241 3.85839e+10
242 3.85831e+10
243 3.85817e+10
244 3.85806e+10
245 3.85344e+10
246 3.8526e+10
247 3.85256e+10
248 3.85141e+10
249 3.84996e+10
250 3.84996e+10
251 3.84996e+10
252 3.84996e+10
253 3.84996e+10
254 3.84996e+10
255 3.84996e+10
256 3.84996e+10
257 3.84996e+10
258 3.84995e+10
259 3.84994e+10
260 3.84993e+10
261 3.84993e+10
262 3.84993e+10
263 3.84992e+10
264 3.84992e+10
265 3.84986e+10
266 3.84973e+10
267 3.84965e+10
268 3.84945e+10
269 3.84936e+10
270 3.84936e+10
271 3.84936e+10
272 3.84934e+10
273 3.84915e+10
274 3.84906e+10
275 3.8489e+10
276 3.84879e+10
277 3.84879e+10
278 3.84877e+10
279 3.84854e+10
280 3.84842e+10
281 3.84841e+10
282 3.84734e+10
283 3.84702e+10
284 3.84648e+10
285 3.84611e+10
286 3.84592e+10
287 3.84588e+10
288 3.84584e+10
289 3.84311e+10
290 3.8426e+10
291 3.84203e+10
292 3.84174e+10
293 3.84157e+10
294 3.84131e+10
295 3.84114e+10
296 3.84085e+10
297 3.83902e+10
298 3.83665e+10
299 3.82894e+10
300 3.82894e+10
301 3.82894e+10
302 3.82894e+10
303 3.82894e+10
304 3.82894e+10
305 3.82894e+10
306 3.82894e+10
307 3.82894e+10
308 3.82894e+10
309 3.82893e+10
310 3.82887e+10
311 3.82875e+10
312 3.82866e+10
313 3.82851e+10
314 3.82851e+10
315 3.82851e+10
316 3.8284e+10
317 3.82839e+10
318 3.82834e+10
319 3.82834e+10
320 3.82827e+10
321 3.82827e+10
322 3.82809e+10
323 3.82787e+10
324 3.82781e+10
325 3.82779e+10
326 3.82778e+10
327 3.8276e+10
328 3.82748e+10
329 3.82748e+10
330 3.82718e+10
331 3.82716e+10
332 3.82713e+10
333 3.82705e+10
334 3.8269e+10
335 3.82669e+10
336 3.82647e+10
337 3.82624e+10
338 3.82618e+10
339 3.82618e+10
340 3.82545e+10
341 3.82534e+10
342 3.82507e+10
343 3.82497e+10
344 3.82496e+10
345 3.82444e+10
346 3.8221e+10
347 3.82148e+10
348 3.8214e+10
349 3.82132e+10
350 3.82132e+10
351 3.82132e+10
352 3.82132e+10
353 3.82132e+10
354 3.82132e+10
355 3.82132e+10
356 3.82132e+10
357 3.82132e+10
358 3.82132e+10
359 3.82132e+10
360 3.82132e+10
361 3.82132e+10
362 3.82132e+10
363 3.82131e+10
364 3.82126e+10
365 3.82123e+10
366 3.8212e+10
367 3.8212e+10
368 3.82119e+10
369 3.82119e+10
370 3.82111e+10
371 3.82106e+10
372 3.82091e+10
373 3.82079e+10
374 3.8207e+10
375 3.82051e+10
376 3.8203e+10
377 3.82019e+10
378 3.82015e+10
379 3.82015e+10
380 3.82014e+10
381 3.82014e+10
382 3.82014e+10
383 3.81946e+10
384 3.81935e+10
385 3.81933e+10
386 3.81925e+10
387 3.81887e+10
388 3.81789e+10
389 3.81752e+10
390 3.81727e+10
391 3.81711e+10
392 3.81709e+10
393 3.81618e+10
394 3.81601e+10
395 3.81601e+10
396 3.81584e+10
397 3.81557e+10
398 3.81556e+10
399 3.81293e+10
400 3.81293e+10
401 3.81293e+10
402 3.81293e+10
403 3.81293e+10
404 3.81293e+10
405 3.81293e+10
406 3.81293e+10
407 3.81293e+10
408 3.81293e+10
409 3.81293e+10
410 3.81293e+10
411 3.81293e+10
412 3.81293e+10
413 3.81293e+10
414 3.81292e+10
415 3.81291e+10
416 3.81289e+10
417 3.81287e+10
418 3.81287e+10
419 3.81287e+10
420 3.81287e+10
421 3.81286e+10
422 3.81285e+10
423 3.81284e+10
424 3.81284e+10
425 3.81269e+10
426 3.81211e+10
427 3.81166e+10
428 3.81165e+10
429 3.8116e+10
430 3.81157e+10
431 3.81138e+10
432 3.81138e+10
433 3.81064e+10
434 3.80999e+10
435 3.80975e+10
436 3.80919e+10
437 3.80909e+10
438 3.80897e+10
439 3.80877e+10
440 3.80871e+10
441 3.80858e+10
442 3.80858e+10
443 3.80811e+10
444 3.80785e+10
445 3.80776e+10
446 3.80703e+10
447 3.80684e+10
448 3.8066e+10
449 3.80657e+10
450 3.80657e+10
451 3.80657e+10
452 3.80657e+10
453 3.80657e+10
454 3.80657e+10
455 3.80657e+10
456 3.80657e+10
457 3.80657e+10
458 3.80657e+10
459 3.80657e+10
460 3.80657e+10
461 3.80657e+10
462 3.80657e+10
463 3.80657e+10
464 3.80657e+10
465 3.80657e+10
466 3.80657e+10
467 3.80657e+10
468 3.80656e+10
469 3.80656e+10
470 3.80654e+10
471 3.80648e+10
472 3.80641e+10
473 3.80635e+10
474 3.8063e+10
475 3.8063e+10
476 3.80585e+10
477 3.8053e+10
478 3.80519e+10
479 3.80519e+10
480 3.80517e+10
481 3.80498e+10
482 3.80498e+10
483 3.804e+10
484 3.80379e+10
485 3.80375e+10
486 3.80236e+10
487 3.80225e+10
488 3.80182e+10
489 3.80176e+10
490 3.80091e+10
491 3.80059e+10
492 3.80038e+10
493 3.80036e+10
494 3.79987e+10
495 3.79964e+10
496 3.79949e+10
497 3.79914e+10
498 3.79905e+10
499 3.79897e+10
500 3.79897e+10
501 3.79897e+10
502 3.79897e+10
503 3.79897e+10
504 3.79897e+10
505 3.79897e+10
506 3.79897e+10
507 3.79897e+10
508 3.79897e+10
509 3.79897e+10
510 3.79897e+10
511 3.79897e+10
512 3.79897e+10
513 3.79897e+10
514 3.79897e+10
515 3.79897e+10
516 3.79897e+10
517 3.79897e+10
518 3.79897e+10
519 3.79897e+10
520 3.79897e+10
521 3.79897e+10
522 3.79895e+10
523 3.79895e+10
524 3.7988e+10
525 3.7988e+10
526 3.79828e+10
527 3.79765e+10
528 3.79764e+10
529 3.7975e+10
530 3.79749e+10
531 3.79749e+10
532 3.79745e+10
533 3.79745e+10
534 3.79745e+10
535 3.79736e+10
536 3.79683e+10
537 3.79683e+10
538 3.79651e+10
539 3.79543e+10
540 3.79523e+10
541 3.79517e+10
542 3.79399e+10
543 3.7939e+10
544 3.79332e+10
545 3.7925e+10
546 3.79228e+10
547 3.79046e+10
548 3.79027e+10
549 3.78838e+10
550 3.78838e+10
551 3.78838e+10
552 3.78838e+10
553 3.78838e+10
554 3.78838e+10
555 3.78838e+10
556 3.78838e+10
557 3.78838e+10
558 3.78838e+10
559 3.78838e+10
560 3.78838e+10
561 3.78838e+10
562 3.78838e+10
563 3.78838e+10
564 3.78838e+10
565 3.78838e+10
566 3.78838e+10
567 3.78838e+10
568 3.78838e+10
569 3.78838e+10
570 3.78838e+10
571 3.78837e+10
572 3.78837e+10
573 3.78836e+10
574 3.78835e+10
575 3.78821e+10
576 3.7881e+10
577 3.78808e+10
578 3.78806e+10
579 3.78788e+10
580 3.78784e+10
581 3.78782e+10
582 3.78781e+10
583 3.78747e+10
584 3.78715e+10
585 3.78713e+10
586 3.787e+10
587 3.78696e+10
588 3.78694e+10
589 3.78691e+10
590 3.78655e+10
591 3.78655e+10
592 3.78648e+10
593 3.7858e+10
594 3.78578e+10
595 3.78578e+10
596 3.78488e+10
597 3.78309e+10
598 3.78239e+10
599 3.78213e+10
600 3.78213e+10
601 3.78213e+10
602 3.78213e+10
603 3.78213e+10
604 3.78213e+10
605 3.78213e+10
606 3.78213e+10
607 3.78213e+10
608 3.78213e+10
609 3.78213e+10
610 3.78213e+10
611 3.78213e+10
612 3.78213e+10
613 3.78213e+10
614 3.78213e+10
615 3.78213e+10
616 3.78213e+10
617 3.78213e+10
618 3.78212e+10
619 3.78211e+10
620 3.78211e+10
621 3.78211e+10
622 3.78211e+10
623 3.78208e+10
624 3.78205e+10
625 3.78204e+10
626 3.78204e+10
627 3.78202e+10
628 3.78201e+10
629 3.78199e+10
630 3.78166e+10
631 3.78164e+10
632 3.78155e+10
633 3.78154e+10
634 3.78153e+10
635 3.78102e+10
636 3.78067e+10
637 3.78067e+10
638 3.77937e+10
639 3.7792e+10
640 3.779e+10
641 3.77886e+10
642 3.77879e+10
643 3.77859e+10
644 3.77839e+10
645 3.77806e+10
646 3.77711e+10
647 3.77691e+10
648 3.77642e+10
649 3.77542e+10
650 3.77542e+10
651 3.77542e+10
652 3.77542e+10
653 3.77542e+10
654 3.77542e+10
655 3.77542e+10
656 3.77542e+10
657 3.77542e+10
658 3.77542e+10
659 3.77542e+10
660 3.77542e+10
661 3.77541e+10
662 3.77541e+10
663 3.77541e+10
664 3.77541e+10
665 3.77541e+10
666 3.77541e+10
667 3.7754e+10
668 3.7754e+10
669 3.7754e+10
670 3.7754e+10
671 3.77527e+10
672 3.77517e+10
673 3.77517e+10
674 3.77511e+10
675 3.77508e+10
676 3.77478e+10
677 3.77464e+10
678 3.77456e+10
679 3.77451e+10
680 3.77451e+10
681 3.77447e+10
682 3.77436e+10
683 3.77426e+10
684 3.7739e+10
685 3.77389e+10
686 3.77348e+10
687 3.77348e+10
688 3.77278e+10
689 3.77277e+10
690 3.77071e+10
691 3.77071e+10
692 3.77008e+10
693 3.7675e+10
694 3.76738e+10
695 3.76512e+10
696 3.76456e+10
697 3.76191e+10
698 3.76172e+10
699 3.7605e+10
700 3.7605e+10
701 3.7605e+10
702 3.7605e+10
703 3.7605e+10
704 3.7605e+10
705 3.7605e+10
706 3.7605e+10
707 3.7605e+10
708 3.7605e+10
709 3.7605e+10
710 3.7605e+10
711 3.7605e+10
712 3.7605e+10
713 3.7605e+10
714 3.7605e+10
715 3.7605e+10
716 3.7605e+10
717 3.76049e+10
718 3.76048e+10
719 3.76043e+10
720 3.76043e+10
721 3.7604e+10
722 3.76029e+10
723 3.76018e+10
724 3.76006e+10
725 3.76006e+10
726 3.76004e+10
727 3.75991e+10
728 3.75971e+10
729 3.75966e+10
730 3.75964e+10
731 3.75963e+10
732 3.75898e+10
733 3.75887e+10
734 3.75887e+10
735 3.7585e+10
736 3.75849e+10
737 3.75848e+10
738 3.75827e+10
739 3.75735e+10
740 3.75691e+10
741 3.75571e+10
742 3.75566e+10
743 3.7556e+10
744 3.75397e+10
745 3.7532e+10
746 3.75276e+10
747 3.75253e+10
748 3.75249e+10
749 3.74995e+10
750 3.74995e+10
751 3.74995e+10
752 3.74995e+10
753 3.74995e+10
754 3.74995e+10
755 3.74995e+10
756 3.74995e+10
757 3.74995e+10
758 3.74995e+10
759 3.74995e+10
760 3.74995e+10
761 3.74995e+10
762 3.74995e+10
763 3.74995e+10
764 3.74995e+10
765 3.74995e+10
766 3.74994e+10
767 3.74994e+10
768 3.74994e+10
769 3.74994e+10
770 3.74993e+10
771 3.74993e+10
772 3.74991e+10
773 3.74985e+10
774 3.74985e+10
775 3.74981e+10
776 3.74979e+10
777 3.74942e+10
778 3.74939e+10
779 3.74938e+10
780 3.74875e+10
781 3.74867e+10
782 3.74855e+10
783 3.74844e+10
784 3.74784e+10
785 3.74765e+10
786 3.7476e+10
787 3.74619e+10
788 3.74595e+10
789 3.74565e+10
790 3.74542e+10
791 3.74417e+10
792 3.74415e+10
793 3.74399e+10
794 3.74124e+10
795 3.73996e+10
796 3.73916e+10
797 3.73846e+10
798 3.73767e+10
799 3.73448e+10
800 3.73448e+10
801 3.73448e+10
802 3.73448e+10
803 3.73448e+10
804 3.73448e+10
805 3.73448e+10
806 3.73448e+10
807 3.73448e+10
808 3.73448e+10
809 3.73448e+10
810 3.73448e+10
811 3.73448e+10
812 3.73448e+10
813 3.73448e+10
814 3.73447e+10
815 3.73447e+10
816 3.73446e+10
817 3.73446e+10
818 3.73443e+10
819 3.73442e+10
820 3.73441e+10
821 3.73431e+10
822 3.7343e+10
823 3.73422e+10
824 3.73393e+10
825 3.73384e+10
826 3.73211e+10
827 3.7317e+10
828 3.73169e+10
829 3.73125e+10
830 3.73124e+10
831 3.73055e+10
832 3.73033e+10
833 3.7302e+10
834 3.73009e+10
835 3.72848e+10
836 3.72769e+10
837 3.72755e+10
838 3.7267e+10
839 3.72443e+10
840 3.72188e+10
841 3.72188e+10
842 3.71517e+10
843 3.70703e+10
844 3.70691e+10
845 3.70611e+10
846 3.70079e+10
847 3.69095e+10
848 3.69091e+10
849 3.66347e+10
850 3.66347e+10
851 3.66347e+10
852 3.66347e+10
853 3.66347e+10
854 3.66347e+10
855 3.66347e+10
856 3.66347e+10
857 3.66347e+10
858 3.66347e+10
859 3.66347e+10
860 3.66347e+10
861 3.66347e+10
862 3.66347e+10
863 3.66346e+10
864 3.66344e+10
865 3.6634e+10
866 3.66326e+10
867 3.66315e+10
868 3.66308e+10
869 3.6629e+10
870 3.66284e+10
871 3.66271e+10
872 3.66254e+10
873 3.66254e+10
874 3.66201e+10
875 3.66192e+10
876 3.66089e+10
877 3.66088e+10
878 3.65937e+10
879 3.65701e+10
880 3.6554e+10
881 3.64946e+10
882 3.6469e+10
883 3.64443e+10
884 3.64375e+10
885 3.63873e+10
886 3.6263e+10
887 3.62194e+10
888 3.59899e+10
889 3.58482e+10
890 3.56892e+10
891 3.53829e+10
892 3.50323e+10
893 3.484e+10
894 3.45989e+10
895 3.42773e+10
896 3.3464e+10
897 3.28631e+10
898 3.20348e+10
899 3.08426e+10
900 3.08426e+10
901 3.08426e+10
902 3.08426e+10
903 3.08426e+10
904 3.08426e+10
905 3.08426e+10
906 3.08414e+10
907 3.08414e+10
908 3.08318e+10
909 3.08311e+10
910 3.08097e+10
911 3.08046e+10
912 3.07585e+10
913 3.07584e+10
914 3.06734e+10
915 3.05355e+10
916 3.03415e+10
917 2.98177e+10
918 2.96537e+10
919 2.91484e+10
920 2.86818e+10
921 2.83896e+10
922 2.80572e+10
923 2.79918e+10
924 2.72393e+10
925 2.65611e+10
926 2.56604e+10
927 2.4557e+10
928 2.3447e+10
929 1.98285e+10
930 1.86468e+10
931 1.53993e+10
932 1.40575e+10
933 1.31011e+10
934 1.14435e+10
935 1.0549e+10
936 9.80121e+09
937 8.67438e+09
938 7.87297e+09
939 6.76348e+09
940 5.6005e+09
941 4.62009e+09
942 3.87219e+09
943 3.38256e+09
944 3.24912e+09
945 3.01004e+09
946 3.00846e+09
947 2.99305e+09
948 2.90762e+09
949 2.88067e+09
950 2.88067e+09
951 2.88067e+09
952 2.88067e+09
953 2.88067e+09
954 2.88067e+09
955 2.88066e+09
956 2.88066e+09
957 2.88065e+09
958 2.88058e+09
959 2.88042e+09
960 2.87995e+09
961 2.87903e+09
962 2.87893e+09
963 2.87834e+09
964 2.87806e+09
965 2.87783e+09
966 2.87251e+09
967 2.87251e+09
968 2.86898e+09
969 2.86693e+09
970 2.86691e+09
971 2.86614e+09
972 2.86508e+09
973 2.86426e+09
974 2.86216e+09
975 2.86138e+09
976 2.84679e+09
977 2.84576e+09
978 2.83998e+09
979 2.79711e+09
980 2.77506e+09
981 2.75159e+09
982 2.7074e+09
983 2.65452e+09
984 2.65447e+09
985 2.54712e+09
986 2.46651e+09
987 2.39447e+09
988 2.30365e+09
989 2.26802e+09
990 2.13037e+09
991 2.07836e+09
992 2.01739e+09
993 1.95019e+09
994 1.90413e+09
995 1.86918e+09
996 1.7993e+09
997 1.72813e+09
998 1.69311e+09
999 1.67773e+09
1000 1.67773e+09
1001 1.67773e+09
1002 1.67773e+09
1003 1.67773e+09
1004 1.67773e+09
1005 1.67773e+09
1006 1.67771e+09
1007 1.67763e+09
1008 1.67756e+09
1009 1.67744e+09
1010 1.67735e+09
1011 1.67708e+09
1012 1.67708e+09
1013 1.67695e+09
1014 1.67645e+09
1015 1.67582e+09
1016 1.67114e+09
1017 1.67072e+09
1018 1.66607e+09
1019 1.66595e+09
1020 1.65493e+09
