# 1: Time step number
# 2: Time (years)
# 3: Time step size (years)
# 4: Number of mesh cells
# 5: Number of Stokes degrees of freedom
# 6: Number of temperature degrees of freedom
# 7: Number of degrees of freedom for all compositions
# 8: Iterations for temperature solver
# 9: Iterations for composition solver 1
# 10: Iterations for composition solver 2
# 11: Iterations for composition solver 3
# 12: Iterations for composition solver 4
# 13: Iterations for Stokes solver
# 14: Velocity iterations in Stokes preconditioner
# 15: Schur complement iterations in Stokes preconditioner
# 16: RMS velocity (m/year)
# 17: Max. velocity (m/year)
# 18: Minimal temperature (K)
# 19: Average temperature (K)
# 20: Maximal temperature (K)
# 21: Visualization file name
 0 0.000000000000e+00 0.000000000000e+00 3750 34378 3876 135000 0 0 0 0 0 222 228 679 9.54096764e-03 1.77755220e-02 2.93000000e+02 2.93000000e+02 2.93000000e+02 output-beam_free_surface/solution/solution-00000 
 1 1.000000000000e+03 1.000000000000e+03 3750 34378 3876 135000 0 5 5 5 4 180 185 547 6.49097336e-03 1.13878885e-02 2.93000000e+02 2.93000000e+02 2.93000000e+02 output-beam_free_surface/solution/solution-00001 
 2 2.000000000000e+03 1.000000000000e+03 3750 34378 3876 135000 0 4 4 4 3 156 161 479 6.03652545e-03 1.02357631e-02 2.93000000e+02 2.93000000e+02 2.93000000e+02 output-beam_free_surface/solution/solution-00002 
 3 3.000000000000e+03 1.000000000000e+03 3750 34378 3876 135000 0 4 4 4 4 189 194 581 5.54592939e-03 9.28835742e-03 2.93000000e+02 2.93000000e+02 2.93000000e+02 output-beam_free_surface/solution/solution-00003 
 4 4.000000000000e+03 1.000000000000e+03 3750 34378 3876 135000 0 4 4 4 4 168 173 520 5.32371415e-03 9.36761005e-03 2.93000000e+02 2.93000000e+02 2.93000000e+02 output-beam_free_surface/solution/solution-00004 
 5 5.000000000000e+03 1.000000000000e+03 3750 34378 3876 135000 0 4 4 4 4 156 161 483 5.04832210e-03 9.19382498e-03 2.93000000e+02 2.93000000e+02 2.93000000e+02 output-beam_free_surface/solution/solution-00005 
 6 6.000000000000e+03 1.000000000000e+03 3750 34378 3876 135000 0 4 4 4 3 147 152 456 4.95045255e-03 9.18342006e-03 2.93000000e+02 2.93000000e+02 2.93000000e+02 output-beam_free_surface/solution/solution-00006 
 7 7.000000000000e+03 1.000000000000e+03 3750 34378 3876 135000 0 4 4 5 4 141 145 434 4.80715224e-03 9.03971403e-03 2.93000000e+02 2.93000000e+02 2.93000000e+02 output-beam_free_surface/solution/solution-00007 
 8 8.000000000000e+03 1.000000000000e+03 3750 34378 3876 135000 0 4 4 4 3 172 177 531 4.71889614e-03 8.94414088e-03 2.93000000e+02 2.93000000e+02 2.93000000e+02 output-beam_free_surface/solution/solution-00008 
 9 9.000000000000e+03 1.000000000000e+03 3750 34378 3876 135000 0 4 4 4 3 161 166 490 4.61793581e-03 8.80517493e-03 2.93000000e+02 2.93000000e+02 2.93000000e+02 output-beam_free_surface/solution/solution-00009 
10 1.000000000000e+04 1.000000000000e+03 3750 34378 3876 135000 0 4 4 4 3 160 165 500 4.57544137e-03 8.68225922e-03 2.93000000e+02 2.93000000e+02 2.93000000e+02 output-beam_free_surface/solution/solution-00010 
11 1.100000000000e+04 1.000000000000e+03 3750 34378 3876 135000 0 4 4 4 3 169 174 535 4.51565871e-03 8.54739915e-03 2.93000000e+02 2.93000000e+02 2.93000000e+02 output-beam_free_surface/solution/solution-00011 
12 1.200000000000e+04 1.000000000000e+03 3750 34378 3876 135000 0 4 4 4 3 151 156 477 4.41619757e-03 8.35163037e-03 2.93000000e+02 2.93000000e+02 2.93000000e+02 output-beam_free_surface/solution/solution-00012 
13 1.300000000000e+04 1.000000000000e+03 3750 34378 3876 135000 0 3 3 4 3 166 171 516 4.37299615e-03 8.22838697e-03 2.93000000e+02 2.93000000e+02 2.93000000e+02 output-beam_free_surface/solution/solution-00013 
14 1.400000000000e+04 1.000000000000e+03 3750 34378 3876 135000 0 4 4 4 3 174 179 537 4.30292414e-03 8.05924644e-03 2.93000000e+02 2.93000000e+02 2.93000000e+02 output-beam_free_surface/solution/solution-00014 
15 1.500000000000e+04 1.000000000000e+03 3750 34378 3876 135000 0 4 4 4 3 133 137 411 4.24267005e-03 7.91270479e-03 2.93000000e+02 2.93000000e+02 2.93000000e+02 output-beam_free_surface/solution/solution-00015 
16 1.600000000000e+04 1.000000000000e+03 3750 34378 3876 135000 0 4 4 4 3 154 159 490 4.16741595e-03 7.75725954e-03 2.93000000e+02 2.93000000e+02 2.93000000e+02 output-beam_free_surface/solution/solution-00016 
17 1.700000000000e+04 1.000000000000e+03 3750 34378 3876 135000 0 4 4 4 3 126 130 396 4.10063104e-03 7.61471927e-03 2.93000000e+02 2.93000000e+02 2.93000000e+02 output-beam_free_surface/solution/solution-00017 
18 1.800000000000e+04 1.000000000000e+03 3750 34378 3876 135000 0 4 4 4 3 162 167 508 4.00350609e-03 7.42731006e-03 2.93000000e+02 2.93000000e+02 2.93000000e+02 output-beam_free_surface/solution/solution-00018 
19 1.900000000000e+04 1.000000000000e+03 3750 34378 3876 135000 0 4 4 4 3 150 155 465 3.93610783e-03 7.27952115e-03 2.93000000e+02 2.93000000e+02 2.93000000e+02 output-beam_free_surface/solution/solution-00019 
20 2.000000000000e+04 1.000000000000e+03 3750 34378 3876 135000 0 4 4 4 3 151 156 474 3.86664350e-03 7.13502975e-03 2.93000000e+02 2.93000000e+02 2.93000000e+02 output-beam_free_surface/solution/solution-00020 
21 2.100000000000e+04 1.000000000000e+03 3750 34378 3876 135000 0 4 4 4 3 132 136 431 3.80172403e-03 6.99956228e-03 2.93000000e+02 2.93000000e+02 2.93000000e+02 output-beam_free_surface/solution/solution-00021 
22 2.200000000000e+04 1.000000000000e+03 3750 34378 3876 135000 0 4 4 4 3 132 136 408 3.71510283e-03 6.84104642e-03 2.93000000e+02 2.93000000e+02 2.93000000e+02 output-beam_free_surface/solution/solution-00022 
23 2.300000000000e+04 1.000000000000e+03 3750 34378 3876 135000 0 4 4 4 3 169 174 526 3.65853260e-03 6.71771380e-03 2.93000000e+02 2.93000000e+02 2.93000000e+02 output-beam_free_surface/solution/solution-00023 
24 2.400000000000e+04 1.000000000000e+03 3750 34378 3876 135000 0 4 4 4 3 182 187 564 3.61123883e-03 6.58742191e-03 2.93000000e+02 2.93000000e+02 2.93000000e+02 output-beam_free_surface/solution/solution-00024 
25 2.500000000000e+04 1.000000000000e+03 3750 34378 3876 135000 0 4 4 4 3 129 133 400 3.55677385e-03 6.45720853e-03 2.93000000e+02 2.93000000e+02 2.93000000e+02 output-beam_free_surface/solution/solution-00025 
26 2.600000000000e+04 1.000000000000e+03 3750 34378 3876 135000 0 4 4 4 3 161 166 509 3.49985976e-03 6.32784301e-03 2.93000000e+02 2.93000000e+02 2.93000000e+02 output-beam_free_surface/solution/solution-00026 
27 2.700000000000e+04 1.000000000000e+03 3750 34378 3876 135000 0 4 4 4 3 134 138 429 3.44580039e-03 6.20768349e-03 2.93000000e+02 2.93000000e+02 2.93000000e+02 output-beam_free_surface/solution/solution-00027 
28 2.800000000000e+04 1.000000000000e+03 3750 34378 3876 135000 0 4 4 4 3 157 162 491 3.38234387e-03 6.08504276e-03 2.93000000e+02 2.93000000e+02 2.93000000e+02 output-beam_free_surface/solution/solution-00028 
29 2.900000000000e+04 1.000000000000e+03 3750 34378 3876 135000 0 3 3 4 3 180 185 555 3.31538242e-03 5.94914528e-03 2.93000000e+02 2.93000000e+02 2.93000000e+02 output-beam_free_surface/solution/solution-00029 
30 3.000000000000e+04 1.000000000000e+03 3750 34378 3876 135000 0 3 3 4 3 171 176 533 3.24839515e-03 5.82167363e-03 2.93000000e+02 2.93000000e+02 2.93000000e+02 output-beam_free_surface/solution/solution-00030 
31 3.100000000000e+04 1.000000000000e+03 3750 34378 3876 135000 0 4 4 4 3 160 165 495 3.20706443e-03 5.70905111e-03 2.93000000e+02 2.93000000e+02 2.93000000e+02 output-beam_free_surface/solution/solution-00031 
32 3.200000000000e+04 1.000000000000e+03 3750 34378 3876 135000 0 4 4 4 3 127 131 394 3.16610841e-03 5.60084818e-03 2.93000000e+02 2.93000000e+02 2.93000000e+02 output-beam_free_surface/solution/solution-00032 
33 3.300000000000e+04 1.000000000000e+03 3750 34378 3876 135000 0 4 4 4 3 156 161 485 3.11331544e-03 5.48790114e-03 2.93000000e+02 2.93000000e+02 2.93000000e+02 output-beam_free_surface/solution/solution-00033 
34 3.400000000000e+04 1.000000000000e+03 3750 34378 3876 135000 0 4 4 4 3 140 144 432 3.06680164e-03 5.38891771e-03 2.93000000e+02 2.93000000e+02 2.93000000e+02 output-beam_free_surface/solution/solution-00034 
35 3.500000000000e+04 1.000000000000e+03 3750 34378 3876 135000 0 4 4 4 3 153 158 474 3.01114268e-03 5.28298219e-03 2.93000000e+02 2.93000000e+02 2.93000000e+02 output-beam_free_surface/solution/solution-00035 
36 3.600000000000e+04 1.000000000000e+03 3750 34378 3876 135000 0 3 3 4 3 184 189 567 2.96584945e-03 5.18875804e-03 2.93000000e+02 2.93000000e+02 2.93000000e+02 output-beam_free_surface/solution/solution-00036 
37 3.700000000000e+04 1.000000000000e+03 3750 34378 3876 135000 0 3 3 4 3 170 175 541 2.91578818e-03 5.09595005e-03 2.93000000e+02 2.93000000e+02 2.93000000e+02 output-beam_free_surface/solution/solution-00037 
38 3.800000000000e+04 1.000000000000e+03 3750 34378 3876 135000 0 4 4 4 3 141 145 435 2.82603299e-03 4.94478496e-03 2.93000000e+02 2.93000000e+02 2.93000000e+02 output-beam_free_surface/solution/solution-00038 
39 3.900000000000e+04 1.000000000000e+03 3750 34378 3876 135000 0 3 3 4 3 177 182 550 2.79972635e-03 4.87016524e-03 2.93000000e+02 2.93000000e+02 2.93000000e+02 output-beam_free_surface/solution/solution-00039 
40 4.000000000000e+04 1.000000000000e+03 3750 34378 3876 135000 0 4 4 4 3 195 200 602 2.73909871e-03 4.75603477e-03 2.93000000e+02 2.93000000e+02 2.93000000e+02 output-beam_free_surface/solution/solution-00040 
41 4.100000000000e+04 1.000000000000e+03 3750 34378 3876 135000 0 3 3 4 3 150 155 475 2.70316306e-03 4.67694066e-03 2.93000000e+02 2.93000000e+02 2.93000000e+02 output-beam_free_surface/solution/solution-00041 
42 4.200000000000e+04 1.000000000000e+03 3750 34378 3876 135000 0 3 3 4 3 138 142 426 2.65027415e-03 4.58261550e-03 2.93000000e+02 2.93000000e+02 2.93000000e+02 output-beam_free_surface/solution/solution-00042 
43 4.300000000000e+04 1.000000000000e+03 3750 34378 3876 135000 0 3 3 3 3 130 134 404 2.61991409e-03 4.51529881e-03 2.93000000e+02 2.93000000e+02 2.93000000e+02 output-beam_free_surface/solution/solution-00043 
44 4.400000000000e+04 1.000000000000e+03 3750 34378 3876 135000 0 3 3 3 3 141 145 435 2.56563643e-03 4.42242541e-03 2.93000000e+02 2.93000000e+02 2.93000000e+02 output-beam_free_surface/solution/solution-00044 
45 4.500000000000e+04 1.000000000000e+03 3750 34378 3876 135000 0 3 3 3 3 167 172 516 2.53582252e-03 4.35847196e-03 2.93000000e+02 2.93000000e+02 2.93000000e+02 output-beam_free_surface/solution/solution-00045 
46 4.600000000000e+04 1.000000000000e+03 3750 34378 3876 135000 0 3 3 3 3 102 106 318 2.50468060e-03 4.32238184e-03 2.93000000e+02 2.93000000e+02 2.93000000e+02 output-beam_free_surface/solution/solution-00046 
47 4.700000000000e+04 1.000000000000e+03 3750 34378 3876 135000 0 3 3 3 3 158 163 490 2.44437357e-03 4.22845805e-03 2.93000000e+02 2.93000000e+02 2.93000000e+02 output-beam_free_surface/solution/solution-00047 
48 4.800000000000e+04 1.000000000000e+03 3750 34378 3876 135000 0 3 3 3 3 145 149 453 2.42193155e-03 4.19784670e-03 2.93000000e+02 2.93000000e+02 2.93000000e+02 output-beam_free_surface/solution/solution-00048 
49 4.900000000000e+04 1.000000000000e+03 3750 34378 3876 135000 0 4 4 4 3 140 144 446 2.38681715e-03 4.14604439e-03 2.93000000e+02 2.93000000e+02 2.93000000e+02 output-beam_free_surface/solution/solution-00049 
50 5.000000000000e+04 1.000000000000e+03 3750 34378 3876 135000 0 4 4 4 3 165 170 513 2.33346299e-03 4.04765747e-03 2.93000000e+02 2.93000000e+02 2.93000000e+02 output-beam_free_surface/solution/solution-00050 
