# 1: Time step number
# 2: Time (years)
# 3: Time step size (years)
# 4: Number of mesh cells
# 5: Number of Stokes degrees of freedom
# 6: Number of temperature degrees of freedom
# 7: Number of degrees of freedom for all compositions
# 8: Iterations for temperature solver
# 9: Iterations for composition solver 1
# 10: Iterations for composition solver 2
# 11: Iterations for composition solver 3
# 12: Iterations for composition solver 4
# 13: Iterations for Stokes solver
# 14: Velocity iterations in Stokes preconditioner
# 15: Schur complement iterations in Stokes preconditioner
# 16: RMS velocity (m/year)
# 17: Max. velocity (m/year)
# 18: Minimal temperature (K)
# 19: Average temperature (K)
# 20: Maximal temperature (K)
# 21: Visualization file name
 0 0.000000000000e+00 0.000000000000e+00 3750 34378 3876 135000 0 0 0 0 0 218 224 666 6.47820573e-03 1.25336398e-02 2.93000000e+02 2.93000000e+02 2.93000000e+02 output-beam/solution/solution-00000 
 1 1.000000000000e+03 1.000000000000e+03 3750 34378 3876 135000 0 4 4 4 4 207 213 639 5.88670444e-03 1.12775604e-02 2.93000000e+02 2.93000000e+02 2.93000000e+02 output-beam/solution/solution-00001 
 2 2.000000000000e+03 1.000000000000e+03 3750 34378 3876 135000 0 4 4 4 4 183 188 564 5.67365345e-03 1.08597332e-02 2.93000000e+02 2.93000000e+02 2.93000000e+02 output-beam/solution/solution-00002 
 3 3.000000000000e+03 1.000000000000e+03 3750 34378 3876 135000 0 4 4 4 3 159 164 494 5.46509914e-03 1.04801570e-02 2.93000000e+02 2.93000000e+02 2.93000000e+02 output-beam/solution/solution-00003 
 4 4.000000000000e+03 1.000000000000e+03 3750 34378 3876 135000 0 4 4 4 4 205 211 634 5.32859070e-03 1.01591633e-02 2.93000000e+02 2.93000000e+02 2.93000000e+02 output-beam/solution/solution-00004 
 5 5.000000000000e+03 1.000000000000e+03 3750 34378 3876 135000 0 4 4 4 4 220 226 680 5.20440716e-03 9.91444726e-03 2.93000000e+02 2.93000000e+02 2.93000000e+02 output-beam/solution/solution-00005 
 6 6.000000000000e+03 1.000000000000e+03 3750 34378 3876 135000 0 4 4 4 4 212 218 654 5.03652289e-03 9.46203210e-03 2.93000000e+02 2.93000000e+02 2.93000000e+02 output-beam/solution/solution-00006 
 7 7.000000000000e+03 1.000000000000e+03 3750 34378 3876 135000 0 4 4 4 3 213 219 657 4.93959598e-03 9.33273620e-03 2.93000000e+02 2.93000000e+02 2.93000000e+02 output-beam/solution/solution-00007 
 8 8.000000000000e+03 1.000000000000e+03 3750 34378 3876 135000 0 4 4 5 4 216 222 666 4.83645023e-03 9.10218504e-03 2.93000000e+02 2.93000000e+02 2.93000000e+02 output-beam/solution/solution-00008 
 9 9.000000000000e+03 1.000000000000e+03 3750 34378 3876 135000 0 4 4 4 3 186 191 573 4.74049567e-03 8.92650434e-03 2.93000000e+02 2.93000000e+02 2.93000000e+02 output-beam/solution/solution-00009 
10 1.000000000000e+04 1.000000000000e+03 3750 34378 3876 135000 0 4 4 4 3 183 188 567 4.66188404e-03 8.71580968e-03 2.93000000e+02 2.93000000e+02 2.93000000e+02 output-beam/solution/solution-00010 
11 1.100000000000e+04 1.000000000000e+03 3750 34378 3876 135000 0 4 4 4 3 188 193 601 4.61897615e-03 8.50902714e-03 2.93000000e+02 2.93000000e+02 2.93000000e+02 output-beam/solution/solution-00011 
12 1.200000000000e+04 1.000000000000e+03 3750 34378 3876 135000 0 4 4 4 3 203 209 633 4.54582246e-03 8.34905403e-03 2.93000000e+02 2.93000000e+02 2.93000000e+02 output-beam/solution/solution-00012 
13 1.300000000000e+04 1.000000000000e+03 3750 34378 3876 135000 0 4 4 4 3 159 164 492 4.44990562e-03 8.09001115e-03 2.93000000e+02 2.93000000e+02 2.93000000e+02 output-beam/solution/solution-00013 
14 1.400000000000e+04 1.000000000000e+03 3750 34378 3876 135000 0 3 3 4 3 169 174 522 4.38999141e-03 7.97895440e-03 2.93000000e+02 2.93000000e+02 2.93000000e+02 output-beam/solution/solution-00014 
15 1.500000000000e+04 1.000000000000e+03 3750 34378 3876 135000 0 4 4 4 3 203 209 627 4.32570708e-03 7.77083797e-03 2.93000000e+02 2.93000000e+02 2.93000000e+02 output-beam/solution/solution-00015 
16 1.600000000000e+04 1.000000000000e+03 3750 34378 3876 135000 0 4 4 4 3 195 200 608 4.25107893e-03 7.62616166e-03 2.93000000e+02 2.93000000e+02 2.93000000e+02 output-beam/solution/solution-00016 
17 1.700000000000e+04 1.000000000000e+03 3750 34378 3876 135000 0 4 4 4 3 194 199 597 4.17155355e-03 7.47212716e-03 2.93000000e+02 2.93000000e+02 2.93000000e+02 output-beam/solution/solution-00017 
18 1.800000000000e+04 1.000000000000e+03 3750 34378 3876 135000 0 4 4 4 3 180 185 568 4.09531799e-03 7.32820497e-03 2.93000000e+02 2.93000000e+02 2.93000000e+02 output-beam/solution/solution-00018 
19 1.900000000000e+04 1.000000000000e+03 3750 34378 3876 135000 0 4 4 4 3 210 216 648 3.99288595e-03 7.07665112e-03 2.93000000e+02 2.93000000e+02 2.93000000e+02 output-beam/solution/solution-00019 
20 2.000000000000e+04 1.000000000000e+03 3750 34378 3876 135000 0 4 4 4 3 207 213 656 3.93085572e-03 6.99386950e-03 2.93000000e+02 2.93000000e+02 2.93000000e+02 output-beam/solution/solution-00020 
21 2.100000000000e+04 1.000000000000e+03 3750 34378 3876 135000 0 4 4 4 3 177 182 546 3.85012897e-03 6.82768843e-03 2.93000000e+02 2.93000000e+02 2.93000000e+02 output-beam/solution/solution-00021 
22 2.200000000000e+04 1.000000000000e+03 3750 34378 3876 135000 0 4 4 4 3 179 184 557 3.78115230e-03 6.70833587e-03 2.93000000e+02 2.93000000e+02 2.93000000e+02 output-beam/solution/solution-00022 
23 2.300000000000e+04 1.000000000000e+03 3750 34378 3876 135000 0 4 4 4 3 210 216 649 3.70186243e-03 6.54521208e-03 2.93000000e+02 2.93000000e+02 2.93000000e+02 output-beam/solution/solution-00023 
24 2.400000000000e+04 1.000000000000e+03 3750 34378 3876 135000 0 4 4 4 3 218 224 673 3.63651747e-03 6.43320816e-03 2.93000000e+02 2.93000000e+02 2.93000000e+02 output-beam/solution/solution-00024 
25 2.500000000000e+04 1.000000000000e+03 3750 34378 3876 135000 0 4 4 4 3 188 193 583 3.59290139e-03 6.26895355e-03 2.93000000e+02 2.93000000e+02 2.93000000e+02 output-beam/solution/solution-00025 
26 2.600000000000e+04 1.000000000000e+03 3750 34378 3876 135000 0 4 4 4 3 176 181 555 3.53962533e-03 6.15388846e-03 2.93000000e+02 2.93000000e+02 2.93000000e+02 output-beam/solution/solution-00026 
27 2.700000000000e+04 1.000000000000e+03 3750 34378 3876 135000 0 4 4 4 3 187 192 580 3.47801157e-03 6.03271727e-03 2.93000000e+02 2.93000000e+02 2.93000000e+02 output-beam/solution/solution-00027 
28 2.800000000000e+04 1.000000000000e+03 3750 34378 3876 135000 0 4 4 4 3 177 182 570 3.42098349e-03 5.92470335e-03 2.93000000e+02 2.93000000e+02 2.93000000e+02 output-beam/solution/solution-00028 
29 2.900000000000e+04 1.000000000000e+03 3750 34378 3876 135000 0 4 4 4 3 175 180 557 3.36016081e-03 5.81615527e-03 2.93000000e+02 2.93000000e+02 2.93000000e+02 output-beam/solution/solution-00029 
30 3.000000000000e+04 1.000000000000e+03 3750 34378 3876 135000 0 4 4 4 3 181 186 559 3.27833659e-03 5.63126243e-03 2.93000000e+02 2.93000000e+02 2.93000000e+02 output-beam/solution/solution-00030 
31 3.100000000000e+04 1.000000000000e+03 3750 34378 3876 135000 0 4 4 4 3 151 156 474 3.25216946e-03 5.58602113e-03 2.93000000e+02 2.93000000e+02 2.93000000e+02 output-beam/solution/solution-00031 
32 3.200000000000e+04 1.000000000000e+03 3750 34378 3876 135000 0 4 4 4 3 172 177 531 3.19480130e-03 5.43180428e-03 2.93000000e+02 2.93000000e+02 2.93000000e+02 output-beam/solution/solution-00032 
33 3.300000000000e+04 1.000000000000e+03 3750 34378 3876 135000 0 3 3 4 3 170 175 525 3.14220074e-03 5.33296752e-03 2.93000000e+02 2.93000000e+02 2.93000000e+02 output-beam/solution/solution-00033 
34 3.400000000000e+04 1.000000000000e+03 3750 34378 3876 135000 0 4 4 4 3 168 173 520 3.08492350e-03 5.23702724e-03 2.93000000e+02 2.93000000e+02 2.93000000e+02 output-beam/solution/solution-00034 
35 3.500000000000e+04 1.000000000000e+03 3750 34378 3876 135000 0 3 3 4 3 167 172 526 3.04458054e-03 5.16212789e-03 2.93000000e+02 2.93000000e+02 2.93000000e+02 output-beam/solution/solution-00035 
36 3.600000000000e+04 1.000000000000e+03 3750 34378 3876 135000 0 3 3 4 3 202 208 625 2.97350854e-03 5.05279325e-03 2.93000000e+02 2.93000000e+02 2.93000000e+02 output-beam/solution/solution-00036 
37 3.700000000000e+04 1.000000000000e+03 3750 34378 3876 135000 0 3 3 4 3 208 214 644 2.93932190e-03 4.98665047e-03 2.93000000e+02 2.93000000e+02 2.93000000e+02 output-beam/solution/solution-00037 
38 3.800000000000e+04 1.000000000000e+03 3750 34378 3876 135000 0 3 3 4 3 179 184 552 2.86924643e-03 4.92223422e-03 2.93000000e+02 2.93000000e+02 2.93000000e+02 output-beam/solution/solution-00038 
39 3.900000000000e+04 1.000000000000e+03 3750 34378 3876 135000 0 4 4 4 3 157 162 488 2.80321211e-03 4.84916590e-03 2.93000000e+02 2.93000000e+02 2.93000000e+02 output-beam/solution/solution-00039 
40 4.000000000000e+04 1.000000000000e+03 3750 34378 3876 135000 0 4 4 3 3 166 171 513 2.77039614e-03 4.78511995e-03 2.93000000e+02 2.93000000e+02 2.93000000e+02 output-beam/solution/solution-00040 
41 4.100000000000e+04 1.000000000000e+03 3750 34378 3876 135000 0 4 4 4 3 195 200 601 2.70741706e-03 4.69732701e-03 2.93000000e+02 2.93000000e+02 2.93000000e+02 output-beam/solution/solution-00041 
42 4.200000000000e+04 1.000000000000e+03 3750 34378 3876 135000 0 4 4 4 3 171 176 529 2.66817322e-03 4.62221039e-03 2.93000000e+02 2.93000000e+02 2.93000000e+02 output-beam/solution/solution-00042 
43 4.300000000000e+04 1.000000000000e+03 3750 34378 3876 135000 0 3 3 4 3 166 171 513 2.61719137e-03 4.54351891e-03 2.93000000e+02 2.93000000e+02 2.93000000e+02 output-beam/solution/solution-00043 
44 4.400000000000e+04 1.000000000000e+03 3750 34378 3876 135000 0 3 3 4 3 140 144 432 2.57815255e-03 4.47831460e-03 2.93000000e+02 2.93000000e+02 2.93000000e+02 output-beam/solution/solution-00044 
45 4.500000000000e+04 1.000000000000e+03 3750 34378 3876 135000 0 3 3 4 3 162 167 501 2.54197905e-03 4.41868729e-03 2.93000000e+02 2.93000000e+02 2.93000000e+02 output-beam/solution/solution-00045 
46 4.600000000000e+04 1.000000000000e+03 3750 34378 3876 135000 0 3 3 3 3 187 192 593 2.49744607e-03 4.35404650e-03 2.93000000e+02 2.93000000e+02 2.93000000e+02 output-beam/solution/solution-00046 
47 4.700000000000e+04 1.000000000000e+03 3750 34378 3876 135000 0 3 3 3 3 159 164 500 2.45681131e-03 4.30952932e-03 2.93000000e+02 2.93000000e+02 2.93000000e+02 output-beam/solution/solution-00047 
48 4.800000000000e+04 1.000000000000e+03 3750 34378 3876 135000 0 3 3 3 3 185 190 574 2.44255484e-03 4.27522536e-03 2.93000000e+02 2.93000000e+02 2.93000000e+02 output-beam/solution/solution-00048 
49 4.900000000000e+04 1.000000000000e+03 3750 34378 3876 135000 0 4 4 4 3 204 210 646 2.37396114e-03 4.18252251e-03 2.93000000e+02 2.93000000e+02 2.93000000e+02 output-beam/solution/solution-00049 
50 5.000000000000e+04 1.000000000000e+03 3750 34378 3876 135000 0 3 3 4 3 164 169 518 2.31949004e-03 4.08175066e-03 2.93000000e+02 2.93000000e+02 2.93000000e+02 output-beam/solution/solution-00050 
