0 1.28011e+11
1 1.28011e+11
2 1.28011e+11
3 1.28011e+11
4 1.2801e+11
5 1.2801e+11
6 1.2801e+11
7 1.2801e+11
8 1.2801e+11
9 1.2801e+11
10 1.2801e+11
11 1.2801e+11
12 1.2801e+11
13 1.2801e+11
14 1.2801e+11
15 1.28009e+11
16 1.28009e+11
17 1.28008e+11
18 1.28008e+11
19 1.28006e+11
20 1.28003e+11
21 1.27999e+11
22 1.27998e+11
23 1.27997e+11
24 1.27996e+11
25 1.27993e+11
26 1.27989e+11
27 1.27983e+11
28 1.27976e+11
29 1.27969e+11
30 1.27963e+11
31 1.2796e+11
32 1.27953e+11
33 1.27942e+11
34 1.27913e+11
35 1.27893e+11
36 1.27884e+11
37 1.27873e+11
38 1.27866e+11
39 1.27856e+11
40 1.27842e+11
41 1.27818e+11
42 1.27805e+11
43 1.27796e+11
44 1.27793e+11
45 1.2779e+11
46 1.27783e+11
47 1.27778e+11
48 1.27778e+11
49 1.27777e+11
50 1.27777e+11
51 1.27777e+11
52 1.27777e+11
53 1.27777e+11
54 1.27777e+11
55 1.27777e+11
56 1.27777e+11
57 1.27777e+11
58 1.27777e+11
59 1.27777e+11
60 1.27777e+11
61 1.27777e+11
62 1.27777e+11
63 1.27777e+11
64 1.27777e+11
65 1.27777e+11
66 1.27777e+11
67 1.27777e+11
68 1.27777e+11
69 1.27777e+11
70 1.27777e+11
71 1.27777e+11
72 1.27777e+11
73 1.27777e+11
74 1.27777e+11
75 1.27777e+11
76 1.27777e+11
77 1.27777e+11
78 1.27777e+11
79 1.27777e+11
80 1.27777e+11
81 1.27777e+11
82 1.27777e+11
83 1.27777e+11
84 1.27777e+11
85 1.27777e+11
86 1.27777e+11
87 1.27777e+11
88 1.27777e+11
89 1.27777e+11
90 1.27777e+11
91 1.27777e+11
92 1.27777e+11
93 1.27777e+11
94 1.27777e+11
95 1.27777e+11
96 1.27777e+11
97 1.27777e+11
98 1.27777e+11
99 1.27777e+11
100 1.27777e+11
101 1.27777e+11
102 1.27777e+11
103 1.27777e+11
104 1.27777e+11
105 1.27777e+11
106 1.27777e+11
107 1.27777e+11
108 1.27777e+11
109 1.27777e+11
110 1.27777e+11
111 1.27777e+11
112 1.27777e+11
113 1.27777e+11
114 1.27777e+11
115 1.27777e+11
116 1.27777e+11
117 1.27777e+11
118 1.27777e+11
119 1.27777e+11
120 1.27777e+11
121 1.27777e+11
122 1.27777e+11
123 1.27777e+11
124 1.27777e+11
125 1.27777e+11
126 1.27777e+11
127 1.27777e+11
128 1.27777e+11
129 1.27777e+11
130 1.27777e+11
131 1.27777e+11
132 1.27777e+11
133 1.27777e+11
134 1.27777e+11
135 1.27777e+11
136 1.27777e+11
137 1.27777e+11
138 1.27777e+11
139 1.27777e+11
140 1.27777e+11
141 1.27777e+11
142 1.27777e+11
143 1.27777e+11
144 1.27777e+11
145 1.27777e+11
146 1.27777e+11
147 1.27777e+11
148 1.27777e+11
149 1.27777e+11
150 1.27777e+11
151 1.27777e+11
152 1.27777e+11
153 1.27777e+11
154 1.27777e+11
155 1.27777e+11
156 1.27777e+11
157 1.27777e+11
158 1.27777e+11
159 1.27777e+11
160 1.27777e+11
161 1.27777e+11
162 1.27777e+11
163 1.27777e+11
164 1.27777e+11
165 1.27777e+11
166 1.27777e+11
167 1.27777e+11
168 1.27777e+11
169 1.27777e+11
170 1.27777e+11
171 1.27777e+11
172 1.27777e+11
173 1.27777e+11
174 1.27777e+11
175 1.27777e+11
176 1.27777e+11
177 1.27777e+11
178 1.27777e+11
179 1.27777e+11
180 1.27777e+11
181 1.27777e+11
182 1.27777e+11
183 1.27777e+11
184 1.27777e+11
185 1.27777e+11
186 1.27777e+11
187 1.27777e+11
188 1.27777e+11
189 1.27777e+11
190 1.27777e+11
191 1.27777e+11
192 1.27777e+11
193 1.27777e+11
194 1.27777e+11
195 1.27777e+11
196 1.27777e+11
197 1.27777e+11
198 1.27777e+11
199 1.27777e+11
200 1.27777e+11
201 1.27777e+11
202 1.27777e+11
203 1.27777e+11
204 1.27777e+11

0 1.27777e+11
1 1.27777e+11
2 1.27777e+11
3 1.27776e+11
4 1.27776e+11
5 1.27776e+11
6 1.27776e+11
7 1.27775e+11
8 1.27775e+11
9 1.27775e+11
10 1.27775e+11
11 1.27774e+11
12 1.27774e+11
13 1.27772e+11
14 1.27772e+11
15 1.27771e+11
16 1.27769e+11
17 1.27769e+11
18 1.27768e+11
19 1.27765e+11
20 1.27765e+11
21 1.27762e+11
22 1.27755e+11
23 1.27754e+11
24 1.27754e+11
25 1.27745e+11
26 1.27744e+11
27 1.27726e+11
28 1.27676e+11
29 1.27537e+11
30 1.27319e+11
31 1.27177e+11
32 1.26769e+11
33 1.26436e+11
34 1.26196e+11
35 1.26002e+11
36 1.25976e+11
37 1.25966e+11
38 1.25883e+11
39 1.25856e+11
40 1.25629e+11
41 1.25594e+11
42 1.25155e+11
43 1.24683e+11
44 1.24329e+11
45 1.22842e+11
46 1.2197e+11
47 1.20508e+11
48 1.18926e+11
49 1.16503e+11
50 1.16503e+11
51 1.16503e+11
52 1.16503e+11
53 1.16503e+11
54 1.16503e+11
55 1.16503e+11
56 1.16503e+11
57 1.16503e+11
58 1.16503e+11
59 1.16503e+11
60 1.16502e+11
61 1.16502e+11
62 1.16502e+11
63 1.16502e+11
64 1.16502e+11
65 1.16501e+11
66 1.16501e+11
67 1.16501e+11
68 1.16496e+11
69 1.16494e+11
70 1.16473e+11
71 1.16471e+11
72 1.16442e+11
73 1.16435e+11
74 1.16428e+11
75 1.16425e+11
76 1.16424e+11
77 1.16424e+11
78 1.16423e+11
79 1.16418e+11
80 1.16407e+11
81 1.16397e+11
82 1.16371e+11
83 1.16366e+11
84 1.16323e+11
85 1.16323e+11
86 1.16319e+11
87 1.16266e+11
88 1.16195e+11
89 1.16093e+11
90 1.16023e+11
91 1.16017e+11
92 1.16007e+11
93 1.15997e+11
94 1.15969e+11
95 1.15969e+11
96 1.15788e+11
97 1.15788e+11
98 1.15766e+11
99 1.15051e+11
100 1.15051e+11
101 1.15051e+11
102 1.15051e+11
103 1.15051e+11
104 1.15051e+11
105 1.15051e+11
106 1.15051e+11
107 1.15051e+11
108 1.15051e+11
109 1.15051e+11
110 1.15051e+11
111 1.15051e+11
112 1.15051e+11
113 1.15051e+11
114 1.1505e+11
115 1.15048e+11
116 1.15046e+11
117 1.15043e+11
118 1.15043e+11
119 1.15041e+11
120 1.15037e+11
121 1.15033e+11
122 1.15028e+11
123 1.15018e+11
124 1.15014e+11
125 1.15014e+11
126 1.15013e+11
127 1.15013e+11
128 1.1501e+11
129 1.15007e+11
130 1.1499e+11
131 1.14975e+11
132 1.1496e+11
133 1.14959e+11
134 1.14938e+11
135 1.14932e+11
136 1.14915e+11
137 1.14904e+11
138 1.14903e+11
139 1.14902e+11
140 1.14902e+11
141 1.14901e+11
142 1.14892e+11
143 1.14892e+11
144 1.14879e+11
145 1.14816e+11
146 1.14775e+11
147 1.14716e+11
148 1.14703e+11
149 1.14445e+11
150 1.14445e+11
151 1.14445e+11
152 1.14445e+11
153 1.14445e+11
154 1.14445e+11
155 1.14445e+11
156 1.14445e+11
157 1.14445e+11
158 1.14445e+11
159 1.14445e+11
160 1.14445e+11
161 1.14445e+11
162 1.14445e+11
163 1.14445e+11
164 1.14444e+11
165 1.14444e+11
166 1.14443e+11
167 1.14442e+11
168 1.14437e+11
169 1.1443e+11
170 1.14424e+11
171 1.14422e+11
172 1.14416e+11
173 1.14416e+11
174 1.14416e+11
175 1.14415e+11
176 1.14415e+11
177 1.1441e+11
178 1.14407e+11
179 1.14406e+11
180 1.144e+11
181 1.14367e+11
182 1.14352e+11
183 1.14352e+11
184 1.14346e+11
185 1.14322e+11
186 1.14311e+11
187 1.14311e+11
188 1.1431e+11
189 1.14306e+11
190 1.14304e+11
191 1.14302e+11
192 1.14301e+11
193 1.14301e+11
194 1.14298e+11
195 1.14288e+11
196 1.14282e+11
197 1.14195e+11
198 1.14144e+11
199 1.14035e+11
200 1.14035e+11
201 1.14035e+11
202 1.14035e+11
203 1.14035e+11
204 1.14035e+11
205 1.14035e+11
206 1.14035e+11
207 1.14035e+11
208 1.14035e+11
209 1.14035e+11
210 1.14035e+11
211 1.14035e+11
212 1.14035e+11
213 1.14035e+11
214 1.14035e+11
215 1.14035e+11
216 1.14035e+11
217 1.14035e+11
218 1.14034e+11
219 1.1403e+11
220 1.14027e+11
221 1.14026e+11
222 1.14022e+11
223 1.1402e+11
224 1.1402e+11
225 1.14013e+11
226 1.1401e+11
227 1.1401e+11
228 1.14009e+11
229 1.14005e+11
230 1.14e+11
231 1.13991e+11
232 1.13977e+11
233 1.13974e+11
234 1.13974e+11
235 1.13964e+11
236 1.13958e+11
237 1.13946e+11
238 1.13938e+11
239 1.13933e+11
240 1.13915e+11
241 1.13899e+11
242 1.13885e+11
243 1.13877e+11
244 1.13876e+11
245 1.13876e+11
246 1.13876e+11
247 1.13875e+11
248 1.13875e+11
249 1.13875e+11
250 1.13875e+11
251 1.13875e+11
252 1.13875e+11
253 1.13875e+11
254 1.13875e+11
255 1.13875e+11
256 1.13875e+11
257 1.13875e+11
258 1.13875e+11
259 1.13875e+11
260 1.13875e+11
261 1.13875e+11
262 1.13875e+11
263 1.13875e+11
264 1.13875e+11
265 1.13875e+11
266 1.13875e+11
267 1.13875e+11
268 1.13875e+11
269 1.13875e+11
270 1.13875e+11
271 1.13874e+11
272 1.13871e+11
273 1.13867e+11
274 1.13859e+11
275 1.13859e+11
276 1.13859e+11
277 1.13853e+11
278 1.13842e+11
279 1.1384e+11
280 1.1384e+11
281 1.13838e+11
282 1.13838e+11
283 1.13838e+11
284 1.13836e+11
285 1.13835e+11
286 1.13831e+11
287 1.13826e+11
288 1.13819e+11
289 1.13806e+11
290 1.13802e+11
291 1.13794e+11
292 1.13791e+11
293 1.13784e+11
294 1.13762e+11
295 1.13761e+11
296 1.13759e+11
297 1.13706e+11
298 1.13571e+11
299 1.13503e+11
300 1.13503e+11
301 1.13503e+11
302 1.13503e+11
303 1.13503e+11
304 1.13503e+11
305 1.13503e+11
306 1.13503e+11
307 1.13503e+11
308 1.13503e+11
309 1.13503e+11
310 1.13503e+11
311 1.13503e+11
312 1.13503e+11
313 1.13503e+11
314 1.13503e+11
315 1.13503e+11
316 1.13503e+11
317 1.13503e+11
318 1.13503e+11
319 1.13503e+11
320 1.13503e+11
321 1.13503e+11
322 1.13503e+11
323 1.13503e+11
324 1.13503e+11
325 1.13503e+11
326 1.13503e+11
327 1.13502e+11
328 1.13502e+11
329 1.13501e+11
330 1.135e+11
331 1.135e+11
332 1.135e+11
333 1.13493e+11
334 1.1348e+11
335 1.13458e+11
336 1.13452e+11
337 1.13451e+11
338 1.13448e+11
339 1.13447e+11
340 1.13445e+11
341 1.13445e+11
342 1.13441e+11
343 1.13435e+11
344 1.13432e+11
345 1.13426e+11
346 1.13409e+11
347 1.13402e+11
348 1.13401e+11
349 1.13389e+11
350 1.13389e+11
351 1.13389e+11
352 1.13389e+11
353 1.13389e+11
354 1.13389e+11
355 1.13389e+11
356 1.13389e+11
357 1.13389e+11
358 1.13389e+11
359 1.13389e+11
360 1.13389e+11
361 1.13389e+11
362 1.13389e+11
363 1.13389e+11
364 1.13389e+11
365 1.13389e+11
366 1.13389e+11
367 1.13389e+11
368 1.13389e+11
369 1.13389e+11
370 1.13389e+11
371 1.13389e+11
372 1.13389e+11
373 1.13389e+11
374 1.13389e+11
375 1.13389e+11
376 1.13389e+11
377 1.13389e+11
378 1.13389e+11
379 1.13389e+11
380 1.13389e+11
381 1.13389e+11
382 1.13389e+11
383 1.13389e+11
384 1.13388e+11
385 1.13388e+11
386 1.13387e+11
387 1.13387e+11
388 1.13387e+11
389 1.13384e+11
390 1.13383e+11
391 1.13363e+11
392 1.13328e+11
393 1.13318e+11
394 1.13318e+11
395 1.13303e+11
396 1.13258e+11
397 1.13218e+11
398 1.13207e+11
399 1.13207e+11
400 1.13207e+11
401 1.13207e+11
402 1.13207e+11
403 1.13207e+11
404 1.13207e+11
405 1.13207e+11
406 1.13207e+11
407 1.13207e+11
408 1.13207e+11
409 1.13207e+11
410 1.13207e+11
411 1.13207e+11
412 1.13207e+11
413 1.13207e+11
414 1.13207e+11
415 1.13207e+11
416 1.13207e+11
417 1.13207e+11
418 1.13207e+11
419 1.13207e+11
420 1.13207e+11
421 1.13207e+11
422 1.13207e+11
423 1.13207e+11
424 1.13207e+11
425 1.13207e+11
426 1.13206e+11
427 1.13206e+11
428 1.13201e+11
429 1.132e+11
430 1.132e+11
431 1.132e+11
432 1.132e+11
433 1.13199e+11
434 1.13197e+11
435 1.13196e+11
436 1.13196e+11
437 1.13196e+11
438 1.13194e+11
439 1.13193e+11
440 1.13192e+11
441 1.13183e+11
442 1.13167e+11
443 1.13165e+11
444 1.13159e+11
445 1.13143e+11
446 1.13132e+11
447 1.13124e+11
448 1.13102e+11
449 1.13096e+11
450 1.13096e+11
451 1.13096e+11
452 1.13096e+11
453 1.13096e+11
454 1.13096e+11
455 1.13096e+11
456 1.13096e+11
457 1.13096e+11
458 1.13096e+11
459 1.13096e+11
460 1.13096e+11
461 1.13096e+11
462 1.13096e+11
463 1.13096e+11
464 1.13096e+11
465 1.13096e+11
466 1.13096e+11
467 1.13096e+11
468 1.13096e+11
469 1.13096e+11
470 1.13096e+11
471 1.13096e+11
472 1.13096e+11
473 1.13096e+11
474 1.13096e+11
475 1.13096e+11
476 1.13096e+11
477 1.13096e+11
478 1.13096e+11
479 1.13096e+11
480 1.13096e+11
481 1.13095e+11
482 1.13095e+11
483 1.13095e+11
484 1.13095e+11
485 1.13095e+11
486 1.13095e+11
487 1.13095e+11
488 1.13094e+11
489 1.13094e+11
490 1.13093e+11
491 1.13093e+11
492 1.13092e+11
493 1.13091e+11
494 1.13091e+11
495 1.13091e+11
496 1.1309e+11
497 1.13085e+11
498 1.13039e+11
499 1.12974e+11
500 1.12974e+11
501 1.12974e+11
502 1.12974e+11
503 1.12974e+11
504 1.12974e+11
505 1.12974e+11
506 1.12974e+11
507 1.12974e+11
508 1.12974e+11
509 1.12974e+11
510 1.12974e+11
511 1.12974e+11
512 1.12974e+11
513 1.12974e+11
514 1.12974e+11
515 1.12974e+11
516 1.12974e+11
517 1.12974e+11
518 1.12974e+11
519 1.12974e+11
520 1.12974e+11
521 1.12974e+11
522 1.12974e+11
523 1.12974e+11
524 1.12974e+11
525 1.12974e+11
526 1.12974e+11
527 1.12974e+11
528 1.12973e+11
529 1.12973e+11
530 1.12973e+11
531 1.12973e+11
532 1.12972e+11
533 1.12972e+11
534 1.12971e+11
535 1.12967e+11
536 1.12962e+11
537 1.12962e+11
538 1.12951e+11
539 1.12892e+11
540 1.12851e+11
541 1.12851e+11
542 1.12838e+11
543 1.12835e+11
544 1.12832e+11
545 1.12831e+11
546 1.12822e+11
547 1.1282e+11
548 1.1282e+11
549 1.1282e+11
550 1.1282e+11
551 1.1282e+11
552 1.1282e+11
553 1.1282e+11
554 1.1282e+11
555 1.1282e+11
556 1.1282e+11
557 1.1282e+11
558 1.1282e+11
559 1.1282e+11
560 1.1282e+11
561 1.1282e+11
562 1.1282e+11
563 1.1282e+11
564 1.1282e+11
565 1.1282e+11
566 1.1282e+11
567 1.1282e+11
568 1.1282e+11
569 1.1282e+11
570 1.1282e+11
571 1.1282e+11
572 1.1282e+11
573 1.12819e+11
574 1.12819e+11
575 1.12819e+11
576 1.12819e+11
577 1.12818e+11
578 1.12813e+11
579 1.12811e+11
580 1.12811e+11
581 1.12811e+11
582 1.12805e+11
583 1.12776e+11
584 1.12766e+11
585 1.12762e+11
586 1.12762e+11
587 1.12762e+11
588 1.12761e+11
589 1.12761e+11
590 1.12755e+11
591 1.1275e+11
592 1.12732e+11
593 1.12731e+11
594 1.12729e+11
595 1.12728e+11
596 1.12727e+11
597 1.12726e+11
598 1.12712e+11
599 1.12669e+11
600 1.12669e+11
601 1.12669e+11
602 1.12669e+11
603 1.12669e+11
604 1.12669e+11
605 1.12669e+11
606 1.12669e+11
607 1.12669e+11
608 1.12669e+11
609 1.12669e+11
610 1.12669e+11
611 1.12669e+11
612 1.12669e+11
613 1.12669e+11
614 1.12669e+11
615 1.12669e+11
616 1.12669e+11
617 1.12669e+11
618 1.12669e+11
619 1.12669e+11
620 1.12669e+11
621 1.12669e+11
622 1.12669e+11
623 1.12669e+11
624 1.12669e+11
625 1.12669e+11
626 1.12669e+11
627 1.12669e+11
628 1.12669e+11
629 1.12669e+11
630 1.12668e+11
631 1.12661e+11
632 1.12654e+11
633 1.12649e+11
634 1.12643e+11
635 1.12641e+11
636 1.12638e+11
637 1.1262e+11
638 1.12618e+11
639 1.12618e+11
640 1.12618e+11
641 1.12612e+11
642 1.12572e+11
643 1.12547e+11
644 1.12547e+11
645 1.12542e+11
646 1.12542e+11
647 1.12541e+11
648 1.12529e+11
649 1.12528e+11
650 1.12528e+11
651 1.12528e+11
652 1.12528e+11
653 1.12528e+11
654 1.12528e+11
655 1.12528e+11
656 1.12528e+11
657 1.12528e+11
658 1.12528e+11
659 1.12528e+11
660 1.12528e+11
661 1.12528e+11
662 1.12528e+11
663 1.12528e+11
664 1.12528e+11
665 1.12528e+11
666 1.12528e+11
667 1.12528e+11
668 1.12528e+11
669 1.12528e+11
670 1.12528e+11
671 1.12528e+11
672 1.12528e+11
673 1.12528e+11
674 1.12528e+11
675 1.12528e+11
676 1.12528e+11
677 1.12528e+11
678 1.12526e+11
679 1.12525e+11
680 1.12525e+11
681 1.12525e+11
682 1.12524e+11
683 1.12524e+11
684 1.12523e+11
685 1.12515e+11
686 1.12513e+11
687 1.12511e+11
688 1.12506e+11
689 1.12497e+11
690 1.12463e+11
691 1.12449e+11
692 1.12449e+11
693 1.12445e+11
694 1.12445e+11
695 1.12436e+11
696 1.12417e+11
697 1.12416e+11
698 1.12414e+11
699 1.12403e+11
700 1.12403e+11
701 1.12403e+11
702 1.12403e+11
703 1.12403e+11
704 1.12403e+11
705 1.12403e+11
706 1.12403e+11
707 1.12403e+11
708 1.12403e+11
709 1.12403e+11
710 1.12403e+11
711 1.12403e+11
712 1.12403e+11
713 1.12403e+11
714 1.12403e+11
715 1.12403e+11
716 1.12403e+11
717 1.12403e+11
718 1.12403e+11
719 1.12403e+11
720 1.12403e+11
721 1.12403e+11
722 1.12403e+11
723 1.12403e+11
724 1.12403e+11
725 1.12403e+11
726 1.12403e+11
727 1.12403e+11
728 1.12403e+11
729 1.12403e+11
730 1.12403e+11
731 1.12403e+11
732 1.12403e+11
733 1.12403e+11
734 1.12403e+11
735 1.12402e+11
736 1.12398e+11
737 1.12393e+11
738 1.12392e+11
739 1.12392e+11
740 1.12392e+11
741 1.12392e+11
742 1.12392e+11
743 1.12392e+11
744 1.12389e+11
745 1.12387e+11
746 1.12387e+11
747 1.12379e+11
748 1.12374e+11
749 1.12373e+11
750 1.12373e+11
751 1.12373e+11
752 1.12373e+11
753 1.12373e+11
754 1.12373e+11
755 1.12373e+11
756 1.12373e+11
757 1.12373e+11
758 1.12373e+11
759 1.12373e+11
760 1.12373e+11
761 1.12373e+11
762 1.12373e+11
763 1.12373e+11
764 1.12373e+11
765 1.12373e+11
766 1.12373e+11
767 1.12373e+11
768 1.12373e+11
769 1.12373e+11
770 1.12373e+11
771 1.12373e+11
772 1.12373e+11
773 1.12373e+11
774 1.12373e+11
775 1.12373e+11
776 1.12373e+11
777 1.12373e+11
778 1.12373e+11
779 1.12373e+11
780 1.12373e+11
781 1.12372e+11
782 1.12372e+11
783 1.12372e+11
784 1.12372e+11
785 1.12372e+11
786 1.12371e+11
787 1.1237e+11
788 1.1237e+11
789 1.12366e+11
790 1.12364e+11
791 1.12362e+11
792 1.12355e+11
793 1.1234e+11
794 1.12328e+11
795 1.12324e+11
796 1.12319e+11
797 1.12318e+11
798 1.12318e+11
799 1.12317e+11
800 1.12317e+11
801 1.12317e+11
802 1.12317e+11
803 1.12317e+11
804 1.12317e+11
805 1.12317e+11
806 1.12317e+11
807 1.12317e+11
808 1.12317e+11
809 1.12317e+11
810 1.12317e+11
811 1.12317e+11
812 1.12317e+11
813 1.12317e+11
814 1.12317e+11
815 1.12317e+11
816 1.12317e+11
817 1.12317e+11
818 1.12317e+11
819 1.12317e+11
820 1.12317e+11
821 1.12317e+11
822 1.12317e+11
823 1.12317e+11
824 1.12317e+11
825 1.12317e+11
826 1.12316e+11
827 1.12316e+11
828 1.12316e+11
829 1.12313e+11
830 1.12311e+11
831 1.1231e+11
832 1.12308e+11
833 1.12308e+11
834 1.12308e+11
835 1.12308e+11
836 1.12304e+11
837 1.12299e+11
838 1.12299e+11
839 1.12298e+11
840 1.12298e+11
841 1.12297e+11
842 1.12294e+11
843 1.12294e+11
844 1.12279e+11
845 1.12273e+11
846 1.12269e+11
847 1.12269e+11
848 1.12268e+11
849 1.12267e+11
850 1.12267e+11
851 1.12267e+11
852 1.12267e+11
853 1.12267e+11
854 1.12267e+11
855 1.12267e+11
856 1.12267e+11
857 1.12267e+11
858 1.12267e+11
859 1.12267e+11
860 1.12267e+11
861 1.12267e+11
862 1.12267e+11
863 1.12267e+11
864 1.12267e+11
865 1.12267e+11
866 1.12267e+11
867 1.12267e+11
868 1.12267e+11
869 1.12267e+11
870 1.12267e+11
871 1.12267e+11
872 1.12267e+11
873 1.12267e+11
874 1.12267e+11
875 1.12267e+11
876 1.12267e+11
877 1.12267e+11
878 1.12267e+11
879 1.12267e+11
880 1.12267e+11
881 1.12266e+11
882 1.12266e+11
883 1.12265e+11
884 1.12259e+11
885 1.12241e+11
886 1.12236e+11
887 1.12235e+11
888 1.12235e+11
889 1.12235e+11
890 1.12235e+11
891 1.12232e+11
892 1.12231e+11
893 1.12228e+11
894 1.12225e+11
895 1.12223e+11
896 1.12222e+11
897 1.12208e+11
898 1.12164e+11
899 1.12162e+11
900 1.12162e+11
901 1.12162e+11
902 1.12162e+11
903 1.12162e+11
904 1.12162e+11
905 1.12162e+11
906 1.12162e+11
907 1.12162e+11
908 1.12162e+11
909 1.12162e+11
910 1.12162e+11
911 1.12162e+11
912 1.12162e+11
913 1.12162e+11
914 1.12162e+11
915 1.12162e+11
916 1.12162e+11
917 1.12162e+11
918 1.12162e+11
919 1.12162e+11
920 1.12162e+11
921 1.12162e+11
922 1.12162e+11
923 1.12162e+11
924 1.12162e+11
925 1.12162e+11
926 1.12162e+11
927 1.12162e+11
928 1.12162e+11
929 1.12162e+11
930 1.12162e+11
931 1.12162e+11
932 1.12162e+11
933 1.12161e+11
934 1.12161e+11
935 1.12161e+11
936 1.12161e+11
937 1.12161e+11
938 1.12161e+11
939 1.12161e+11
940 1.1216e+11
941 1.12159e+11
942 1.12159e+11
943 1.12159e+11
944 1.12158e+11
945 1.12158e+11
946 1.12155e+11
947 1.12155e+11
948 1.12153e+11
949 1.12147e+11
950 1.12147e+11
951 1.12147e+11
952 1.12147e+11
953 1.12147e+11
954 1.12147e+11
955 1.12147e+11
956 1.12147e+11
957 1.12147e+11
958 1.12147e+11
959 1.12147e+11
960 1.12147e+11
961 1.12147e+11
962 1.12147e+11
963 1.12147e+11
964 1.12147e+11
965 1.12147e+11
966 1.12147e+11
967 1.12147e+11
968 1.12147e+11
969 1.12147e+11
970 1.12147e+11
971 1.12147e+11
972 1.12147e+11
973 1.12147e+11
974 1.12147e+11
975 1.12147e+11
976 1.12147e+11
977 1.12147e+11
978 1.12147e+11
979 1.12147e+11
980 1.12147e+11
981 1.12147e+11
982 1.12147e+11
983 1.12146e+11
984 1.12145e+11
985 1.12145e+11
986 1.12145e+11
987 1.12145e+11
988 1.12143e+11
989 1.1214e+11
990 1.12137e+11
991 1.12135e+11
992 1.12134e+11
993 1.12134e+11
994 1.12134e+11
995 1.12134e+11
996 1.12128e+11
997 1.12124e+11
998 1.1212e+11
999 1.1212e+11
1000 1.1212e+11
1001 1.1212e+11
1002 1.1212e+11
1003 1.1212e+11
1004 1.1212e+11
1005 1.1212e+11
1006 1.1212e+11
1007 1.1212e+11
1008 1.1212e+11
1009 1.1212e+11
1010 1.1212e+11
1011 1.1212e+11
1012 1.1212e+11
1013 1.1212e+11
1014 1.1212e+11
1015 1.1212e+11
1016 1.1212e+11
1017 1.1212e+11
1018 1.1212e+11
1019 1.1212e+11
1020 1.1212e+11
