# 1: Time step number
# 2: Time (years)
# 3: Time step size (years)
# 4: Number of mesh cells
# 5: Number of Stokes degrees of freedom
# 6: Number of temperature degrees of freedom
# 7: Iterations for temperature solver
# 8: Iterations for Stokes solver
# 9: Velocity iterations in Stokes preconditioner
# 10: Schur complement iterations in Stokes preconditioner
# 11: Visualization file name
# 12: RMS velocity (m/year)
# 13: Max. velocity (m/year)
# 14: Minimum topography (m)
# 15: Maximum topography (m)
 0 0.000000000000e+00 0.000000000000e+00 10240 93283 41409  0 201 304 206 output-free_surface_with_crust/solution/solution-00000 3.69945390e-03 1.61213208e-02  0.00000000e+00 0.00000000e+00 
 1 1.000000000000e+03 1.000000000000e+03 10240 93283 41409 10 109 113 113                                                     "" 3.67534280e-03 1.60585833e-02 -1.57990264e+00 1.71751071e+00 
 2 2.300000000000e+03 1.300000000000e+03 10240 93283 41409  8  89  92  92                                                     "" 3.65404594e-03 1.60012539e-02 -3.50560640e+00 3.82127498e+00 
 3 3.990000000000e+03 1.690000000000e+03 10240 93283 41409  9  79  82  82                                                     "" 3.62894213e-03 1.59313801e-02 -5.85869965e+00 6.40482996e+00 
 4 6.187000000000e+03 2.197000000000e+03 10240 93283 41409  9  86  89  89                                                     "" 3.60016945e-03 1.58478221e-02 -8.68031753e+00 9.52434135e+00 
 5 9.043100000000e+03 2.856100000000e+03 10240 93283 41409  9  91  94  94                                                     "" 3.56833561e-03 1.57503166e-02 -1.19810115e+01 1.32094677e+01 
 6 1.275603000000e+04 3.712930000000e+03 10240 93283 41409  9  98 102 102                                                     "" 3.53462022e-03 1.56400479e-02 -1.57181619e+01 1.74416848e+01 
 7 1.758283900000e+04 4.826809000000e+03 10240 93283 41409  9 107 111 111                                                     "" 3.50074203e-03 1.55202166e-02 -1.97701145e+01 2.21294610e+01 
 8 2.385769070000e+04 6.274851700000e+03 10240 93283 41409  9 111 115 115                                                     "" 3.46870321e-03 1.53963308e-02 -2.39151094e+01 2.70882131e+01 
 9 3.201499791000e+04 8.157307210000e+03 10240 93283 41409  9 118 122 122                                                     "" 3.44030544e-03 1.52757978e-02 -2.78300838e+01 3.20399715e+01 
10 4.261949728300e+04 1.060449937300e+04 10240 93283 41409  8 123 127 127                                                     "" 3.41659330e-03 1.51663824e-02 -3.11291268e+01 3.66521905e+01 
11 5.640534646790e+04 1.378584918490e+04 10240 93283 41409  8 123 127 127                                                     "" 3.39749461e-03 1.50735028e-02 -3.34543005e+01 4.06278505e+01 
12 7.432695040827e+04 1.792160394037e+04 10240 93283 41409  8 119 123 123                                                     "" 3.38182397e-03 1.49972468e-02 -3.46019514e+01 4.38292135e+01 
13 9.762503553075e+04 2.329808512248e+04 10240 93283 41409  8 112 116 116                                                     "" 3.36756643e-03 1.49309488e-02 -3.46202787e+01 4.63699515e+01 
14 1.279125461900e+05 3.028751065923e+04 10240 93283 41409  7 100 104 104                                                     "" 3.35229055e-03 1.48628715e-02 -3.37909986e+01 4.85873049e+01 
15 1.672863100470e+05 3.937376385699e+04 10240 93283 41409  7  88  91  91                                                     "" 3.33361680e-03 1.47801336e-02 -3.24737987e+01 5.08720087e+01 
16 2.184722030611e+05 5.118589301409e+04 10240 93283 41409  7  82  85  85                                                     "" 3.30950062e-03 1.46753107e-02 -3.09326184e+01 5.34751812e+01 
17 2.850138639794e+05 6.654166091832e+04 10240 93283 41409  8  79  82  82                                                     "" 3.27802636e-03 1.45373041e-02 -2.93060880e+01 5.64576040e+01 
18 3.715180231732e+05 8.650415919381e+04 10240 93283 41409 10  81  84  84                                                     "" 3.23691347e-03 1.43557839e-02 -2.81479501e+01 5.97769876e+01 
19 4.803614742879e+05 1.088434511147e+05 10240 93283 41409 12  88  91  91                                                     "" 3.18491678e-03 1.41253776e-02 -2.78722697e+01 6.32451227e+01 
20 5.909656281604e+05 1.106041538725e+05 10240 93283 41409 12  94  97  97                                                     "" 3.13188613e-03 1.38876915e-02 -2.79853040e+01 6.61297155e+01 
21 7.034757967952e+05 1.125101686348e+05 10240 93283 41409 12  90  93  93                                                     "" 3.07767224e-03 1.36430695e-02 -2.81973146e+01 6.87032340e+01 
22 8.179950595346e+05 1.145192627394e+05 10240 93283 41409 12  86  89  89                                                     "" 3.02241137e-03 1.33906671e-02 -2.83899040e+01 7.09903492e+01 
23 9.346677889767e+05 1.166727294421e+05 10240 93283 41409 12  86  89  89                                                     "" 2.96609480e-03 1.31300916e-02 -2.85513526e+01 7.30937449e+01 
24 1.053657420446e+06 1.189896314696e+05 10240 93283 41409 12  84  87  87 output-free_surface_with_crust/solution/solution-00001 2.90877053e-03 1.28650702e-02 -2.86807436e+01 7.50539390e+01 
25 1.175091381503e+06 1.214339610567e+05 10240 93283 41409 12  83  86  86                                                     "" 2.85049023e-03 1.25906003e-02 -2.87724931e+01 7.69144428e+01 
26 1.299187696684e+06 1.240963151811e+05 10240 93283 41409 12  78  81  81                                                     "" 2.79128107e-03 1.23111367e-02 -2.88513157e+01 7.87017619e+01 
27 1.426091237451e+06 1.269035407673e+05 10240 93283 41409 12  78  81  81                                                     "" 2.73121158e-03 1.20236918e-02 -2.89065761e+01 8.04362031e+01 
28 1.556038899692e+06 1.299476622407e+05 10240 93283 41409 12  79  82  82                                                     "" 2.67031758e-03 1.17289965e-02 -2.89543799e+01 8.21324992e+01 
29 1.689252937453e+06 1.332140377611e+05 10240 93283 41409 12  80  83  83                                                     "" 2.60865327e-03 1.14272174e-02 -2.89954470e+01 8.38006242e+01 
30 1.825972972524e+06 1.367200350703e+05 10240 93283 41409 12  80  83  83                                                     "" 2.54627625e-03 1.11176603e-02 -2.90271286e+01 8.54476275e+01 
31 1.966507875529e+06 1.405349030054e+05 10240 93283 41409 12  81  84  84                                                     "" 2.48322585e-03 1.08040324e-02 -2.90635774e+01 8.70786056e+01 
32 2.111107298093e+06 1.445994225636e+05 10240 93283 41409 12  85  88  88 output-free_surface_with_crust/solution/solution-00002 2.41958254e-03 1.04825515e-02 -2.90951872e+01 8.86958347e+01 
33 2.260178394479e+06 1.490710963867e+05 10240 93283 41409 12  88  91  91                                                     "" 2.35537253e-03 1.01562899e-02 -2.91245417e+01 9.03020791e+01 
34 2.414007776206e+06 1.538293817271e+05 10240 93283 41409 12  89  92  92                                                     "" 2.29069277e-03 9.82299781e-03 -2.91584900e+01 9.18966688e+01 
35 2.573084394194e+06 1.590766179877e+05 10240 93283 41409 12  89  92  92                                                     "" 2.22557218e-03 9.48505989e-03 -2.91862994e+01 9.34808302e+01 
36 2.737795025416e+06 1.647106312218e+05 10240 93283 41409 12  91  94  94                                                     "" 2.16010525e-03 9.14108864e-03 -2.92185250e+01 9.50523718e+01 
37 2.908733293203e+06 1.709382677869e+05 10240 93283 41409 12  90  93  93                                                     "" 2.09432582e-03 8.79438313e-03 -2.92465008e+01 9.66112420e+01 
38 3.086386142662e+06 1.776528494592e+05 10240 93283 41409 12  92  95  95 output-free_surface_with_crust/solution/solution-00003 2.02833744e-03 8.44174606e-03 -2.92714479e+01 9.81539242e+01 
39 3.271487842829e+06 1.851017001675e+05 10240 93283 41409 12  91  94  94                                                     "" 1.96217836e-03 8.08748648e-03 -2.92964305e+01 9.96792166e+01 
40 3.464667575368e+06 1.931797325385e+05 10240 93283 41409 12  92  95  95                                                     "" 1.89595933e-03 7.72989498e-03 -2.93112728e+01 1.01182294e+02 
41 3.666806485400e+06 2.021389100322e+05 10240 93283 41409 12  92  95  95                                                     "" 1.82973680e-03 7.36902504e-03 -2.93272497e+01 1.02660361e+02 
42 3.878824438478e+06 2.120179530775e+05 10240 93283 41409 12  92  95  95                                                     "" 1.76359762e-03 7.00925818e-03 -2.93328057e+01 1.04107837e+02 
43 4.101725520194e+06 2.229010817164e+05 10240 93283 41409 12  92  95  95 output-free_surface_with_crust/solution/solution-00004 1.69764349e-03 6.64765694e-03 -2.93269846e+01 1.05519145e+02 
44 4.336752299660e+06 2.350267794664e+05 10240 93283 41409 12  93  96  96                                                     "" 1.63195328e-03 6.28779302e-03 -2.93912078e+01 1.06887495e+02 
45 4.585275833879e+06 2.485235342187e+05 10240 93283 41409 12  93  96  96                                                     "" 1.56662429e-03 5.93012509e-03 -2.95439879e+01 1.08204927e+02 
46 4.848760506892e+06 2.634846730131e+05 10240 93283 41409 12  92  95  95                                                     "" 1.50178464e-03 5.57536414e-03 -2.96865489e+01 1.09461391e+02 
47 5.128990280020e+06 2.802297731277e+05 10240 93283 41409 13  92  95  95 output-free_surface_with_crust/solution/solution-00005 1.43754181e-03 5.22527061e-03 -2.98182702e+01 1.10646002e+02 
48 5.427984857899e+06 2.989945778794e+05 10240 93283 41409 13  91  94  94                                                     "" 1.37401594e-03 4.88158323e-03 -2.99381644e+01 1.11745546e+02 
49 5.748036245576e+06 3.200513876769e+05 10240 93283 41409 13  90  93  93                                                     "" 1.31133835e-03 4.54554511e-03 -3.00454435e+01 1.12744952e+02 
50 6.091751455614e+06 3.437152100372e+05 10240 93283 41409 14  89  92  92 output-free_surface_with_crust/solution/solution-00006 1.24965048e-03 4.21892495e-03 -3.01390228e+01 1.13626561e+02 
51 6.462101547862e+06 3.703500922485e+05 10240 93283 41409 14  89  92  92                                                     "" 1.18910151e-03 4.00261834e-03 -3.02180707e+01 1.14370442e+02 
52 6.852544968707e+06 3.904434208445e+05 10240 93283 41409 14  89  92  92                                                     "" 1.13124258e-03 3.83112078e-03 -3.02801494e+01 1.14939474e+02 
53 7.260586637033e+06 4.080416683266e+05 10240 93283 41409 15  89  92  92 output-free_surface_with_crust/solution/solution-00007 1.07661147e-03 3.66332623e-03 -3.03274688e+01 1.15322053e+02 
54 7.687516321916e+06 4.269296848829e+05 10240 93283 41409 15  87  90  90                                                     "" 1.02510141e-03 3.50029172e-03 -3.03584258e+01 1.15508951e+02 
55 8.134003003471e+06 4.464866815546e+05 10240 93283 41409 15  87  90  90 output-free_surface_with_crust/solution/solution-00008 9.76663826e-04 3.34480714e-03 -3.03772864e+01 1.15498123e+02 
56 8.601145034151e+06 4.671420306804e+05 10240 93283 41409 15  86  89  89                                                     "" 9.31182819e-04 3.19602810e-03 -3.03840758e+01 1.15285845e+02 
57 9.090078415910e+06 4.889333817589e+05 10240 93283 41409 15  86  89  89 output-free_surface_with_crust/solution/solution-00009 8.88529603e-04 3.05336729e-03 -3.03825971e+01 1.14874086e+02 
58 9.601848093882e+06 5.117696779723e+05 10240 93283 41409 16  85  88  88                                                     "" 8.48579235e-04 2.91631655e-03 -3.03735879e+01 1.14263818e+02 
59 1.013762669394e+07 5.357786000612e+05 10240 93283 41409 16  85  88  88 output-free_surface_with_crust/solution/solution-00010 8.11191158e-04 2.78540611e-03 -3.03611618e+01 1.13460919e+02 
60 1.069857199985e+07 5.609453059043e+05 10240 93283 41409 16  85  88  88                                                     "" 7.76227367e-04 2.66079093e-03 -3.03597064e+01 1.12470940e+02 
61 1.128580340567e+07 5.872314058192e+05 10240 93283 41409 16  85  88  88 output-free_surface_with_crust/solution/solution-00011 7.43552014e-04 2.54252082e-03 -3.03703277e+01 1.11303938e+02 
62 1.190042200908e+07 6.146186034148e+05 10240 93283 41409 17  85  88  88                                                     "" 7.13032839e-04 2.42996626e-03 -3.03867096e+01 1.09969932e+02 
63 1.254348586425e+07 6.430638551704e+05 10240 93283 41409 17  85  88  88 output-free_surface_with_crust/solution/solution-00012 6.84541038e-04 2.32378934e-03 -3.04040276e+01 1.08482890e+02 
64 1.321596396810e+07 6.724781038485e+05 10240 93283 41409 17  85  88  88 output-free_surface_with_crust/solution/solution-00013 6.57954900e-04 2.22355496e-03 -3.04192241e+01 1.06856791e+02 
65 1.391875400078e+07 7.027900326830e+05 10240 93283 41409 17  85  88  88                                                     "" 6.33156868e-04 2.12861632e-03 -3.04307414e+01 1.05108802e+02 
66 1.465279892258e+07 7.340449217939e+05 10240 93283 41409 18  85  88  88 output-free_surface_with_crust/solution/solution-00014 6.10031428e-04 2.03931109e-03 -3.04358313e+01 1.03255307e+02 
67 1.541901182171e+07 7.662128991286e+05 10240 93283 41409 18  81  84  84 output-free_surface_with_crust/solution/solution-00015 5.88467540e-04 1.95498602e-03 -3.04363033e+01 1.01314875e+02 
68 1.621825027365e+07 7.992384519430e+05 10240 93283 41409 18  79  82  82 output-free_surface_with_crust/solution/solution-00016 5.68360756e-04 1.87546163e-03 -3.04303311e+01 9.93047591e+01 
69 1.705133902511e+07 8.330887514646e+05 10240 93283 41409 18  79  82  82 output-free_surface_with_crust/solution/solution-00017 5.49611322e-04 1.80072408e-03 -3.04195027e+01 9.72433339e+01 
70 1.791904553248e+07 8.677065073701e+05 10240 93283 41409 19  79  82  82                                                     "" 5.32125750e-04 1.73025437e-03 -3.04042152e+01 9.51469737e+01 
71 1.882210355901e+07 9.030580265252e+05 10240 93283 41409 19  79  82  82 output-free_surface_with_crust/solution/solution-00018 5.15815213e-04 1.66385124e-03 -3.03873882e+01 9.30322564e+01 
72 1.976118991669e+07 9.390863576765e+05 10240 93283 41409 19  79  82  82 output-free_surface_with_crust/solution/solution-00019 5.00596822e-04 1.60143016e-03 -3.03704306e+01 9.09131678e+01 
73 2.000000000000e+07 2.388100833144e+05 10240 93283 41409  9  87  90  90 output-free_surface_with_crust/solution/solution-00020 4.96845629e-04 1.58678239e-03 -3.03666306e+01 9.03967744e+01 
